667.460000 578.080000 588.510000 568.900000 206 183 161
560.580000 567.890000 447.790000 549.830000 159 141 109
465.910000 315.030000 336.640000 256.910000 97 124 161
399.610000 558.690000 227.300000 519.120000 38 36 37
1079.140000 527.730000 1014.390000 536.880000 41 34 35
934.700000 497.380000 924.510000 498.610000 165 141 125
556.660000 433.810000 455.300000 396.330000 173 152 132
328.660000 304.410000 168.890000 206.180000 84 104 132
326.250000 217.560000 178.370000 105.220000 80 151 185
331.310000 543.110000 139.880000 499.620000 38 33 47
388.920000 512.390000 217.840000 466.320000 60 52 51
387.070000 449.650000 223.920000 396.700000 68 58 59
964.540000 640.310000 945.110000 647.190000 194 174 156
744.970000 323.740000 707.920000 292.870000 54 47 42
736.820000 297.650000 702.940000 263.440000 182 164 149
831.120000 276.410000 816.290000 254.280000 44 43 35
684.760000 274.350000 636.820000 231.840000 203 183 168
1060.640000 712.840000 1056.600000 737.240000 196 177 155
839.930000 551.930000 800.950000 548.640000 172 143 121
818.720000 536.760000 774.680000 531.180000 59 56 49
818.720000 536.760000 774.680000 531.180000 59 56 49
703.900000 530.470000 635.330000 514.280000 182 161 146
363.360000 481.840000 188.850000 430.070000 185 174 174
304.540000 438.870000 109.000000 372.240000 254 251 247
288.090000 390.310000 99.030000 310.150000 109 139 163
403.390000 340.260000 267.360000 264.970000 130 223 255
954.790000 217.430000 947.040000 212.620000 72 57 50
551.730000 740.490000 486.860000 766.300000 161 150 134
468.600000 576.770000 316.810000 550.870000 44 44 36
525.290000 561.180000 403.440000 539.170000 44 39 36
786.310000 539.280000 734.960000 530.140000 44 32 24
344.340000 447.950000 165.240000 388.200000 230 252 254
433.670000 442.410000 289.200000 393.180000 62 58 58
821.780000 407.550000 786.710000 394.420000 215 231 212
377.620000 398.720000 216.990000 333.890000 82 87 94
621.030000 388.650000 543.930000 351.430000 55 49 39
934.290000 381.870000 929.150000 376.390000 208 191 181
744.350000 360.880000 701.090000 329.760000 94 92 89
744.350000 360.880000 701.090000 329.760000 94 92 89
402.270000 339.980000 267.360000 264.970000 85 177 222
252.020000 296.760000 56.910000 179.340000 226 253 255
420.140000 278.430000 282.260000 202.890000 90 226 255
764.490000 203.960000 741.950000 169.370000 121 115 91
360.120000 581.550000 166.980000 544.950000 97 92 85
360.120000 581.550000 179.090000 546.640000 97 92 85
467.140000 578.660000 316.810000 550.870000 47 49 36
1109.610000 566.510000 1026.910000 581.170000 173 153 144
542.320000 523.630000 428.170000 491.940000 181 171 155
376.700000 459.710000 209.850000 401.600000 67 65 62
852.950000 436.380000 833.720000 424.440000 111 96 74
807.890000 422.950000 771.480000 408.000000 72 73 59
423.970000 390.250000 280.440000 332.900000 71 177 213
728.860000 355.020000 685.220000 325.700000 233 223 207
419.960000 312.200000 286.280000 240.320000 91 175 216
857.830000 285.780000 848.530000 265.630000 248 243 227
420.460000 245.410000 297.000000 160.750000 146 163 198
1235.960000 162.280000 1082.370000 240.000000 100 188 216
1032.990000 150.980000 990.190000 173.650000 205 207 194
995.370000 124.580000 969.100000 140.700000 162 162 151
726.610000 117.440000 707.890000 67.640000 84 85 76
753.230000 90.790000 537.250000 185.490000 95 95 81
969.780000 730.820000 969.850000 750.430000 37 22 3
378.710000 601.900000 201.490000 571.620000 251 246 250
430.160000 598.550000 274.600000 571.430000 250 251 241
430.160000 598.550000 274.600000 571.430000 250 251 241
1159.850000 594.530000 1050.590000 612.850000 52 40 35
963.080000 573.270000 945.470000 580.100000 240 219 210
600.160000 554.230000 498.550000 532.650000 43 35 19
600.160000 554.230000 498.550000 532.650000 43 35 19
487.770000 537.810000 340.630000 507.010000 27 22 26
705.720000 533.770000 637.140000 517.630000 207 185 171
1170.400000 494.280000 1057.880000 521.110000 110 98 90
1064.390000 489.630000 1007.920000 502.350000 113 99 84
817.340000 433.130000 781.460000 418.820000 253 247 241
865.670000 420.230000 843.140000 408.370000 252 246 234
946.430000 392.250000 942.530000 390.140000 81 59 54
386.340000 354.210000 239.980000 285.800000 91 106 121
372.570000 344.240000 221.420000 266.040000 123 230 251
340.380000 324.110000 176.900000 230.830000 60 72 90
1140.370000 318.170000 1048.850000 356.850000 53 41 37
573.910000 272.400000 495.390000 217.650000 73 74 67
854.350000 265.300000 847.770000 241.980000 250 242 223
607.440000 250.650000 543.110000 195.980000 166 208 242
600.620000 243.390000 537.250000 185.490000 59 59 59
633.220000 226.170000 578.130000 173.400000 194 218 235
903.930000 168.850000 914.570000 148.390000 213 203 200
970.860000 153.450000 957.850000 153.060000 69 58 50
692.580000 633.090000 632.930000 629.020000 45 33 14
1225.870000 591.070000 1079.840000 608.460000 219 210 199
1225.870000 591.070000 1079.840000 608.460000 219 210 199
484.450000 580.060000 336.020000 554.110000 25 24 16
372.910000 567.220000 191.110000 529.860000 43 37 27
366.410000 556.820000 184.180000 517.240000 195 185 167
814.760000 532.300000 769.310000 526.560000 21 16 7
487.110000 482.470000 346.370000 447.010000 36 32 33
627.290000 475.380000 541.940000 447.850000 98 100 98
586.230000 437.480000 493.040000 402.750000 32 32 30
585.750000 427.260000 493.910000 390.200000 48 47 45
482.980000 377.400000 353.420000 329.730000 101 229 250
378.990000 374.800000 228.710000 304.390000 85 95 116
446.450000 356.500000 319.700000 298.220000 93 84 100
364.230000 349.960000 211.090000 272.000000 40 75 97
1151.070000 338.920000 1050.120000 375.140000 182 171 173
1062.120000 304.260000 1003.540000 324.970000 151 148 143
1243.470000 296.250000 1081.400000 357.900000 87 86 101
625.890000 296.490000 526.240000 266.750000 192 213 219
697.800000 293.890000 655.310000 253.710000 55 44 31
697.800000 293.890000 655.310000 253.710000 55 44 31
717.680000 289.930000 676.600000 253.110000 169 158 148
861.970000 272.480000 855.130000 251.740000 43 36 12
861.970000 272.480000 855.130000 251.740000 43 36 12
384.240000 259.410000 246.820000 169.070000 119 146 200
600.900000 256.840000 531.980000 203.520000 168 208 232
608.520000 248.130000 543.110000 195.980000 183 207 240
623.560000 235.150000 563.850000 182.380000 185 213 239
408.610000 191.910000 292.010000 92.560000 83 220 253
772.570000 181.930000 758.470000 143.750000 237 248 253
904.550000 168.090000 914.570000 148.390000 158 148 145
804.880000 157.160000 729.130000 158.930000 236 252 253
832.410000 134.640000 833.840000 100.880000 250 249 245
603.490000 125.050000 521.830000 84.740000 246 249 255
764.620000 78.830000 757.510000 32.260000 243 238 231
666.390000 684.070000 601.690000 687.480000 31 14 5
666.390000 684.070000 601.690000 687.480000 31 14 5
712.860000 672.590000 649.430000 674.570000 181 167 154
941.800000 653.860000 935.110000 663.490000 158 150 133
523.470000 610.410000 400.300000 591.260000 39 32 25
348.910000 590.040000 159.740000 555.370000 151 150 152
402.440000 583.380000 230.810000 551.700000 83 84 51
709.480000 554.660000 640.190000 541.840000 181 158 143
826.070000 530.050000 786.940000 523.890000 16 6 0
605.590000 490.320000 512.630000 462.150000 250 245 229
600.010000 485.120000 506.370000 456.120000 55 55 55
629.950000 483.640000 546.500000 456.540000 249 243 239
341.180000 470.130000 156.280000 415.680000 102 101 128
341.180000 470.130000 156.280000 415.680000 102 101 128
323.710000 469.860000 133.480000 412.780000 109 105 114
947.110000 462.430000 937.600000 461.070000 198 187 175
335.780000 457.020000 150.750000 398.210000 59 59 69
1097.570000 453.660000 1021.270000 474.600000 63 52 34
755.110000 442.930000 705.670000 424.140000 60 61 54
609.620000 415.380000 526.110000 379.330000 41 39 36
718.440000 405.530000 666.750000 377.470000 82 77 81
461.330000 392.830000 324.610000 343.600000 87 90 116
827.770000 388.990000 841.460000 364.290000 231 243 248
493.550000 383.320000 369.280000 336.890000 113 238 255
726.740000 342.740000 683.130000 311.140000 34 28 18
595.230000 316.490000 550.530000 250.040000 69 70 71
610.950000 300.610000 542.230000 249.490000 167 191 205
618.730000 297.670000 550.530000 250.040000 89 95 93
717.090000 289.990000 676.600000 253.110000 169 158 148
710.190000 286.530000 669.880000 247.840000 22 16 11
710.190000 286.530000 669.880000 247.840000 22 16 11
610.140000 285.810000 540.950000 236.620000 236 254 255
804.280000 279.610000 796.280000 248.280000 41 36 20
714.710000 274.120000 676.220000 235.520000 226 216 200
624.510000 273.060000 560.830000 223.740000 234 254 255
593.770000 273.310000 521.600000 221.530000 67 77 76
593.770000 273.310000 521.600000 221.530000 67 77 76
987.770000 270.050000 966.810000 272.110000 24 15 5
846.930000 256.370000 841.050000 231.940000 42 29 9
973.740000 247.270000 958.290000 248.020000 109 97 92
609.230000 245.570000 545.490000 191.200000 207 216 239
343.320000 229.400000 197.040000 119.560000 112 236 255
247.570000 224.950000 56.770000 80.640000 67 150 185
919.630000 220.780000 926.510000 206.200000 85 71 61
349.430000 219.010000 209.810000 110.180000 123 245 255
1220.620000 206.330000 1072.640000 274.820000 83 83 93
531.900000 195.580000 450.760000 124.240000 11 56 84
708.860000 193.130000 678.010000 146.650000 201 192 183
1111.920000 187.580000 1031.610000 227.880000 44 38 39
1109.260000 176.460000 1030.870000 223.480000 49 42 43
582.910000 153.300000 521.830000 84.740000 229 238 255
814.290000 150.330000 739.380000 155.320000 232 246 251
595.170000 136.020000 512.010000 94.400000 237 244 255
713.070000 129.490000 689.840000 78.990000 254 246 238
603.540000 124.630000 521.830000 84.740000 248 250 255
727.800000 120.980000 707.430000 72.370000 31 30 37
593.790000 71.340000 517.260000 25.460000 254 252 241
532.520000 705.750000 440.780000 712.200000 152 136 124
675.830000 701.360000 620.970000 709.220000 192 173 153
909.830000 695.990000 914.790000 711.700000 30 18 10
1122.400000 596.150000 1032.670000 607.550000 122 110 107
817.150000 587.020000 756.690000 583.250000 121 121 123
507.940000 577.100000 363.610000 553.260000 46 56 16
348.790000 558.110000 159.140000 520.130000 25 24 28
613.270000 549.730000 516.500000 529.820000 44 34 14
613.270000 549.730000 516.500000 529.820000 44 34 14
349.250000 550.330000 159.540000 510.500000 19 15 25
254.720000 539.920000 22.740000 486.610000 150 149 153
254.720000 539.920000 22.740000 486.610000 150 149 153
1173.440000 538.970000 1056.870000 558.510000 65 55 49
350.360000 515.070000 165.740000 468.260000 46 40 52
274.040000 514.120000 56.450000 457.910000 89 85 93
723.660000 510.090000 662.890000 494.710000 72 53 40
271.210000 509.040000 52.570000 451.660000 19 15 25
478.580000 487.480000 335.410000 450.110000 115 107 110
284.660000 481.580000 75.620000 420.750000 92 91 100
858.840000 467.420000 835.370000 458.010000 219 210 189
743.170000 455.170000 690.500000 435.470000 255 249 228
350.230000 434.390000 178.160000 370.590000 33 62 79
725.440000 423.220000 673.160000 399.900000 193 177 161
737.580000 420.960000 688.210000 398.360000 252 243 222
341.580000 418.900000 168.500000 349.680000 208 253 255
587.330000 416.890000 496.800000 378.450000 33 27 26
631.070000 411.870000 554.650000 378.190000 238 231 224
875.210000 405.820000 857.160000 394.570000 255 245 224
631.470000 397.300000 556.860000 361.420000 233 228 219
634.760000 390.660000 561.670000 354.000000 52 44 29
382.750000 383.860000 232.260000 317.090000 47 74 105
1084.910000 375.850000 1016.280000 395.910000 73 60 55
510.490000 359.140000 392.250000 314.210000 75 122 159
510.490000 359.140000 392.250000 314.210000 75 122 159
785.230000 342.620000 754.880000 317.390000 111 115 119
1065.060000 328.490000 1004.110000 349.620000 133 131 130
728.080000 323.080000 687.760000 289.840000 32 27 17
1094.590000 277.550000 1021.600000 304.410000 54 42 38
708.420000 275.370000 668.650000 233.900000 60 53 49
599.860000 273.320000 500.700000 237.960000 199 220 249
872.410000 270.620000 867.010000 251.170000 44 33 1
872.410000 270.620000 867.010000 251.170000 44 33 1
416.000000 265.900000 288.360000 186.320000 139 234 255
599.330000 261.430000 501.330000 227.650000 199 229 253
483.710000 261.490000 376.400000 195.110000 49 112 163
635.960000 227.850000 581.990000 176.150000 221 240 248
720.930000 215.360000 690.390000 171.660000 254 246 231
863.490000 211.750000 863.510000 186.640000 224 203 181
735.680000 206.310000 707.110000 166.200000 72 78 75
632.130000 205.490000 580.850000 147.550000 114 109 91
585.370000 198.910000 519.460000 135.860000 213 224 234
634.550000 197.390000 583.840000 141.040000 255 244 230
434.290000 197.120000 322.730000 107.680000 107 234 255
434.290000 197.120000 322.730000 107.680000 107 234 255
1044.040000 196.220000 997.360000 216.760000 114 105 102
475.650000 196.480000 375.920000 118.870000 113 227 255
349.930000 187.450000 211.080000 70.310000 77 181 221
788.120000 172.180000 555.300000 254.960000 220 217 212
562.660000 164.090000 494.920000 93.930000 238 230 237
576.720000 161.430000 512.010000 94.400000 226 238 255
589.440000 140.620000 530.680000 73.700000 38 45 54
610.570000 111.460000 530.680000 73.700000 48 48 52
575.410000 101.430000 517.260000 25.460000 251 252 246
580.840000 100.910000 524.560000 26.280000 153 149 140
760.030000 89.230000 579.880000 159.780000 30 25 21
899.110000 84.290000 916.510000 58.640000 61 47 50
758.840000 75.020000 751.200000 27.600000 91 81 66
602.110000 59.150000 527.720000 14.890000 255 250 252
591.290000 746.610000 540.840000 771.990000 255 249 236
591.290000 746.610000 540.840000 771.990000 255 249 236
565.940000 738.710000 502.650000 760.170000 155 144 137
660.260000 731.130000 619.090000 748.810000 142 124 104
660.260000 731.130000 619.090000 748.810000 142 124 104
1092.180000 698.190000 1051.690000 711.650000 122 108 91
694.730000 684.620000 634.080000 688.430000 96 79 69
708.750000 684.260000 652.220000 688.850000 254 243 229
721.350000 683.570000 665.960000 687.810000 83 72 54
671.280000 681.570000 605.570000 685.030000 14 0 0
986.100000 631.250000 960.690000 640.700000 52 33 27
490.920000 611.470000 360.670000 590.940000 177 165 163
381.880000 609.090000 206.850000 580.670000 86 84 97
482.090000 603.930000 341.680000 581.420000 148 174 91
424.980000 603.900000 268.910000 576.650000 240 241 232
1220.670000 593.100000 1076.690000 609.760000 55 46 37
421.000000 592.890000 264.860000 562.950000 44 44 17
340.990000 591.750000 147.350000 557.180000 221 220 234
838.260000 586.910000 796.100000 585.930000 216 201 182
963.200000 584.950000 942.530000 591.270000 221 200 190
473.760000 584.690000 324.680000 558.470000 46 47 29
442.240000 583.860000 230.810000 551.700000 108 135 48
959.810000 582.010000 940.340000 587.210000 120 100 87
257.110000 554.020000 24.270000 505.860000 75 73 80
372.320000 552.830000 192.220000 513.630000 51 41 29
613.400000 549.670000 516.500000 529.820000 44 34 14
613.400000 549.670000 516.500000 529.820000 44 34 14
349.350000 550.110000 159.540000 510.500000 19 15 25
520.580000 541.340000 378.150000 514.080000 18 14 14
364.240000 531.270000 183.190000 488.360000 96 80 67
274.220000 531.290000 53.580000 479.730000 86 84 93
354.680000 530.480000 169.240000 487.550000 194 182 190
362.150000 526.650000 180.370000 482.920000 201 186 177
362.150000 526.650000 180.370000 482.920000 201 186 177
350.350000 523.130000 165.970000 477.100000 37 31 43
252.890000 517.670000 22.380000 459.850000 15 13 22
965.200000 516.760000 951.410000 518.320000 43 27 24
372.900000 515.250000 196.910000 470.590000 59 47 37
350.510000 515.000000 165.740000 468.260000 46 40 52
271.400000 509.090000 52.570000 451.660000 19 15 25
249.330000 503.640000 19.870000 441.980000 83 80 93
249.330000 503.640000 19.870000 441.980000 83 80 93
587.870000 495.820000 487.990000 467.370000 250 246 232
356.050000 492.520000 175.970000 442.670000 209 203 207
351.780000 491.740000 169.660000 442.670000 55 53 63
340.200000 491.510000 152.570000 440.630000 113 110 125
250.410000 483.880000 23.340000 418.320000 88 85 99
306.170000 482.370000 106.870000 424.610000 39 35 46
356.260000 480.980000 177.550000 428.940000 187 181 190
272.550000 480.320000 59.290000 417.160000 44 45 59
307.390000 477.680000 109.160000 418.900000 92 87 101
876.780000 462.970000 769.510000 464.460000 252 245 221
957.090000 462.620000 948.140000 461.910000 72 63 50
285.190000 455.030000 80.700000 387.450000 115 111 119
331.600000 451.890000 145.720000 392.760000 228 230 239
744.800000 449.730000 693.930000 429.390000 120 113 97
327.800000 448.710000 141.120000 388.960000 44 44 54
926.770000 445.050000 860.650000 447.090000 246 230 209
375.550000 443.800000 209.020000 385.250000 68 56 52
1089.000000 430.330000 1016.830000 448.930000 190 175 164
239.660000 426.480000 15.900000 344.610000 112 111 124
341.150000 425.300000 167.070000 358.150000 29 65 92
341.150000 425.300000 167.070000 358.150000 29 65 92
604.410000 424.620000 518.590000 388.880000 146 144 143
346.140000 423.920000 175.260000 357.620000 181 237 255
513.440000 423.200000 382.410000 387.690000 32 34 42
870.830000 422.470000 850.790000 411.930000 255 246 228
576.940000 420.110000 484.190000 381.630000 59 51 34
573.150000 409.510000 482.190000 367.480000 194 176 160
576.940000 406.990000 485.310000 366.690000 68 54 40
550.600000 397.360000 459.760000 349.280000 188 173 164
535.970000 397.120000 431.080000 353.060000 179 167 165
417.950000 393.380000 272.600000 336.910000 144 234 242
238.040000 384.570000 19.970000 287.580000 122 179 190
238.040000 384.570000 19.970000 287.580000 122 179 190
619.010000 383.020000 543.580000 343.490000 37 26 11
632.630000 382.360000 560.380000 344.010000 88 78 62
871.010000 378.830000 854.950000 366.060000 248 241 219
631.790000 375.350000 560.260000 337.490000 75 65 42
374.690000 368.380000 222.160000 293.930000 58 68 83
718.970000 351.060000 672.550000 318.770000 192 183 172
865.330000 345.860000 851.400000 330.910000 248 237 219
747.380000 339.210000 706.780000 310.240000 31 35 48
575.780000 333.870000 491.090000 285.480000 60 60 55
1126.920000 326.070000 1037.310000 357.340000 142 135 128
580.740000 326.270000 497.940000 276.640000 159 175 187
1128.030000 320.970000 1037.650000 353.330000 26 15 11
666.830000 321.030000 610.110000 281.200000 224 204 196
526.130000 298.920000 418.130000 248.430000 78 156 200
619.990000 298.720000 491.090000 285.480000 58 60 60
1061.750000 297.750000 1004.260000 318.740000 41 38 33
575.000000 291.270000 494.900000 238.540000 25 25 34
448.600000 285.260000 328.720000 215.040000 60 79 103
578.820000 282.400000 501.330000 227.650000 186 201 220
846.350000 280.940000 833.510000 260.270000 45 36 27
859.910000 280.460000 559.290000 359.040000 255 248 232
872.350000 270.740000 867.010000 251.170000 44 33 1
872.350000 270.740000 867.010000 251.170000 44 33 1
603.940000 264.330000 505.620000 231.010000 98 137 164
867.650000 263.110000 861.920000 242.310000 251 241 215
232.530000 259.690000 27.070000 123.160000 167 255 255
324.730000 258.090000 165.710000 152.480000 90 196 235
485.970000 254.640000 379.320000 188.350000 145 218 255
712.500000 254.280000 675.200000 213.220000 187 175 162
845.400000 250.230000 838.060000 226.240000 247 233 206
398.950000 243.550000 267.840000 154.340000 70 164 206
621.540000 240.650000 528.380000 210.050000 210 228 250
264.370000 235.990000 82.960000 103.010000 42 102 143
379.260000 232.510000 245.650000 135.390000 68 131 181
606.670000 231.030000 544.290000 174.250000 104 97 82
723.540000 223.230000 692.710000 181.280000 255 254 235
344.570000 206.500000 202.530000 92.250000 139 228 255
632.940000 203.620000 580.850000 147.550000 141 133 116
1251.440000 170.150000 1095.960000 248.920000 11 43 58
873.480000 167.290000 877.780000 143.020000 218 208 184
906.450000 163.620000 918.520000 142.620000 196 188 188
621.020000 163.210000 535.940000 128.390000 154 152 139
880.030000 162.710000 885.580000 139.300000 202 194 169
560.110000 152.870000 493.920000 79.320000 53 46 39
627.940000 148.480000 546.430000 114.370000 251 249 246
589.420000 141.290000 530.680000 73.700000 37 44 53
717.740000 116.940000 696.850000 65.650000 73 66 60
532.490000 110.110000 461.410000 28.290000 7 70 105
892.600000 101.520000 907.830000 75.830000 220 205 199
776.770000 100.220000 707.650000 97.970000 21 26 31
775.830000 92.250000 768.350000 49.050000 55 58 60
582.220000 91.250000 527.720000 14.890000 254 254 252
797.350000 86.530000 728.920000 88.830000 234 254 255
597.350000 75.190000 524.560000 26.280000 152 147 133
763.840000 74.210000 757.360000 26.660000 239 234 221
992.040000 46.600000 972.720000 61.970000 97 93 90
622.540000 35.930000 524.560000 26.280000 159 153 143
171.740000 784.470000 112.350000 283.940000 135 131 129
171.740000 784.470000 112.350000 283.940000 135 131 129
591.530000 742.830000 542.020000 767.520000 149 131 118
660.770000 734.820000 620.250000 753.910000 188 170 152
833.100000 721.790000 824.330000 738.880000 55 43 28
787.350000 704.630000 753.870000 715.440000 104 90 65
818.610000 690.740000 813.230000 702.850000 46 40 33
711.650000 690.620000 655.220000 697.100000 180 157 144
689.010000 688.360000 626.320000 691.830000 186 170 154
712.440000 686.820000 656.730000 692.460000 105 89 75
670.790000 685.980000 606.420000 689.530000 129 113 102
792.910000 680.430000 790.990000 695.000000 255 238 225
671.550000 666.380000 609.190000 666.700000 26 21 5
674.350000 663.510000 610.980000 663.370000 160 155 140
642.360000 658.430000 559.390000 655.140000 247 237 221
788.060000 645.400000 728.430000 645.950000 146 128 104
679.620000 643.580000 618.640000 640.780000 42 34 19
976.940000 641.570000 953.310000 650.500000 193 168 159
992.010000 641.200000 963.440000 649.990000 43 29 16
972.010000 632.780000 949.010000 640.910000 151 127 112
517.650000 620.580000 392.510000 603.120000 201 186 178
949.730000 609.290000 925.090000 615.370000 144 121 96
975.160000 605.090000 954.500000 611.770000 69 49 40
928.400000 603.370000 902.860000 608.360000 108 86 72
982.460000 600.180000 960.340000 607.330000 120 100 89
514.290000 596.120000 390.420000 574.320000 184 200 148
968.780000 593.140000 948.780000 599.780000 134 111 98
968.780000 593.140000 948.780000 599.780000 134 111 98
935.960000 587.230000 912.500000 591.640000 125 101 82
935.960000 587.230000 912.500000 591.640000 125 101 82
929.710000 587.210000 905.440000 591.090000 131 107 88
949.630000 585.040000 927.430000 590.050000 237 213 197
889.360000 581.920000 857.210000 583.450000 111 83 57
967.140000 581.420000 947.210000 586.820000 89 69 62
949.910000 581.630000 928.010000 586.450000 120 95 79
462.140000 580.780000 309.880000 553.580000 41 45 16
335.470000 580.500000 140.540000 543.720000 205 206 197
475.130000 580.000000 325.890000 553.310000 210 210 198
855.220000 577.450000 816.860000 576.360000 134 105 85
250.220000 576.910000 14.020000 532.930000 37 35 44
914.030000 576.670000 887.930000 578.890000 140 115 97
881.970000 572.210000 850.750000 572.390000 152 130 97
971.900000 570.480000 953.420000 575.810000 76 58 55
971.900000 570.480000 953.420000 575.810000 76 58 55
953.850000 570.600000 933.890000 574.900000 167 142 126
460.120000 570.610000 307.770000 541.780000 126 123 116
859.410000 567.870000 822.470000 566.450000 125 88 75
881.010000 567.070000 848.920000 567.100000 121 96 80
822.120000 557.830000 773.700000 553.840000 96 97 87
967.980000 548.550000 951.960000 552.670000 86 69 61
485.130000 543.740000 335.560000 514.590000 16 11 12
958.320000 530.450000 943.010000 532.710000 213 193 183
927.530000 524.660000 908.370000 525.120000 119 98 78
927.530000 524.660000 908.370000 525.120000 119 98 78
956.510000 522.380000 942.440000 524.160000 111 92 79
956.510000 522.380000 942.440000 524.160000 111 92 79
965.260000 521.820000 951.760000 524.220000 38 24 20
370.020000 519.120000 193.600000 473.410000 204 191 177
271.440000 517.670000 51.190000 462.150000 19 17 26
244.940000 517.260000 11.270000 458.930000 9 8 16
244.940000 517.260000 11.270000 458.930000 9 8 16
626.170000 515.200000 488.860000 496.220000 54 49 31
926.210000 514.370000 908.070000 513.960000 125 103 89
652.340000 510.350000 488.860000 496.220000 47 40 18
425.340000 508.780000 280.910000 465.140000 157 157 145
674.050000 506.370000 488.860000 496.220000 36 30 11
931.380000 503.030000 914.540000 501.860000 132 110 96
722.860000 502.710000 662.900000 485.740000 69 54 42
722.860000 502.710000 662.900000 485.740000 69 54 42
940.810000 501.920000 926.290000 501.380000 128 103 87
946.820000 501.010000 933.090000 501.060000 140 115 99
962.550000 499.510000 950.690000 501.150000 52 33 20
582.430000 497.890000 482.770000 468.700000 251 247 230
711.040000 496.250000 649.900000 477.400000 255 242 226
750.960000 495.100000 810.830000 469.150000 191 181 160
584.390000 493.320000 484.390000 464.530000 88 77 63
728.850000 492.990000 670.880000 475.280000 229 221 207
581.000000 490.990000 480.940000 461.000000 254 245 229
755.900000 487.350000 769.510000 464.460000 251 238 216
299.340000 485.760000 95.510000 427.570000 84 82 89
367.140000 484.610000 193.390000 434.260000 129 117 113
363.080000 484.950000 186.550000 434.780000 221 210 210
727.740000 484.750000 669.190000 466.500000 40 24 10
947.540000 479.580000 936.210000 478.650000 114 95 77
920.450000 478.860000 903.980000 475.720000 132 118 98
940.690000 471.790000 928.780000 469.820000 221 205 184
800.930000 471.950000 787.160000 455.460000 225 215 194
263.720000 472.000000 46.610000 405.400000 79 80 96
482.060000 467.020000 341.310000 429.040000 43 37 40
496.280000 465.750000 358.270000 430.240000 49 42 46
941.370000 464.470000 931.070000 462.120000 124 113 97
519.990000 463.670000 387.130000 429.720000 57 52 56
395.140000 462.630000 236.110000 411.530000 105 97 98
395.140000 462.630000 236.110000 411.530000 105 97 98
877.760000 458.970000 683.850000 470.330000 141 132 108
992.090000 456.400000 968.660000 460.450000 41 38 25
893.300000 455.880000 683.850000 470.330000 119 109 84
898.280000 454.880000 683.850000 470.330000 134 122 96
913.240000 451.590000 693.580000 469.230000 93 84 57
916.190000 447.530000 695.150000 466.510000 248 237 211
939.820000 446.190000 812.630000 456.300000 98 89 74
754.450000 445.290000 705.150000 425.860000 66 65 57
922.330000 442.590000 909.100000 437.770000 129 109 86
929.530000 441.230000 915.710000 437.230000 137 113 94
938.420000 439.830000 927.300000 436.060000 133 114 98
941.000000 436.730000 760.210000 454.050000 216 197 184
725.680000 434.840000 671.860000 412.220000 210 200 184
802.420000 433.930000 766.000000 417.750000 105 99 88
802.420000 433.930000 766.000000 417.750000 105 99 88
778.330000 433.710000 505.730000 456.060000 27 32 34
844.380000 432.690000 817.970000 420.120000 146 132 117
801.500000 428.160000 765.230000 410.990000 88 82 72
508.550000 425.980000 376.650000 388.870000 45 49 61
291.440000 423.510000 91.540000 353.210000 34 65 91
1075.810000 422.520000 1006.900000 439.290000 79 74 61
522.380000 419.920000 394.220000 383.070000 108 101 105
1083.900000 411.750000 1013.570000 430.330000 85 77 60
634.500000 410.750000 559.350000 376.590000 172 164 149
627.820000 409.760000 551.150000 374.720000 71 67 69
627.300000 394.940000 551.890000 357.540000 50 47 42
629.480000 387.080000 555.820000 349.560000 202 197 185
285.080000 386.490000 91.870000 297.590000 159 186 212
868.840000 368.120000 853.250000 354.010000 229 220 198
729.910000 366.890000 684.040000 338.040000 240 231 208
749.200000 359.770000 706.700000 332.920000 32 36 39
866.900000 358.370000 852.140000 344.480000 239 230 213
770.030000 350.790000 733.830000 324.930000 50 60 59
732.970000 345.310000 690.940000 314.240000 181 175 171
732.970000 345.310000 690.940000 314.240000 181 175 171
722.840000 345.140000 678.520000 313.850000 216 206 192
567.940000 344.970000 480.980000 296.460000 231 213 193
865.000000 342.870000 851.270000 326.340000 247 234 214
573.740000 340.960000 486.790000 293.720000 165 156 143
566.520000 339.270000 479.940000 290.320000 255 245 226
724.320000 337.760000 681.990000 304.510000 238 230 215
1060.290000 337.430000 999.540000 355.170000 115 113 108
805.050000 337.160000 709.890000 335.080000 155 179 190
724.340000 333.400000 682.290000 300.900000 244 235 222
916.590000 328.880000 912.380000 317.730000 145 127 101
801.190000 328.210000 773.640000 304.830000 72 72 70
594.390000 328.460000 545.330000 265.310000 132 126 120
769.860000 327.850000 734.210000 301.510000 131 159 208
755.760000 327.760000 725.840000 296.430000 29 34 49
731.810000 327.920000 691.110000 295.580000 109 102 103
760.790000 325.070000 725.840000 296.430000 21 30 45
770.350000 323.850000 741.780000 294.590000 134 146 200
777.410000 323.630000 734.210000 301.510000 126 149 195
783.650000 313.420000 755.380000 286.150000 45 45 45
448.320000 312.180000 325.270000 244.870000 178 194 208
786.700000 304.030000 760.130000 277.230000 180 178 175
1056.670000 303.180000 999.480000 322.780000 37 34 29
622.150000 302.000000 774.570000 138.230000 247 242 236
863.250000 301.430000 854.000000 282.780000 245 236 213
1024.810000 298.060000 981.930000 310.420000 97 93 95
1024.810000 298.060000 981.930000 310.420000 97 93 95
700.650000 298.470000 656.150000 259.870000 179 165 166
820.880000 298.030000 741.780000 294.590000 155 179 219
683.010000 296.690000 616.700000 263.900000 235 222 200
837.230000 293.830000 734.210000 301.510000 130 155 182
1020.670000 293.780000 978.910000 306.700000 134 133 139
696.260000 284.050000 874.070000 139.150000 145 129 112
582.640000 283.780000 505.620000 231.010000 97 117 135
852.870000 282.280000 843.310000 262.080000 232 228 212
852.870000 282.280000 843.310000 262.080000 232 228 212
855.210000 279.120000 845.960000 258.040000 80 72 53
700.340000 275.710000 658.290000 235.850000 158 141 135
858.520000 270.700000 850.340000 249.250000 74 68 40
742.760000 270.540000 488.100000 335.550000 176 161 152
447.010000 268.120000 329.720000 195.900000 137 217 255
732.630000 262.690000 572.120000 285.220000 228 211 183
712.930000 260.860000 674.610000 220.920000 161 150 138
610.730000 260.430000 545.690000 207.620000 193 220 231
858.920000 259.380000 853.180000 238.280000 196 184 172
452.930000 259.260000 338.090000 184.620000 93 197 239
236.520000 258.390000 35.390000 124.160000 78 176 213
335.550000 255.370000 183.410000 150.620000 146 243 255
338.600000 254.190000 187.990000 150.160000 20 106 149
318.130000 252.560000 158.220000 143.070000 35 150 189
588.740000 249.410000 518.550000 192.710000 120 114 96
775.300000 249.050000 790.730000 199.190000 205 190 183
354.400000 246.560000 211.040000 144.110000 37 118 159
640.620000 241.110000 586.460000 189.920000 152 146 140
607.800000 239.870000 544.030000 185.080000 56 57 48
625.900000 238.360000 532.950000 208.570000 209 239 254
637.450000 234.920000 582.750000 182.270000 231 241 249
356.110000 234.950000 215.290000 130.570000 21 104 148
610.570000 230.760000 548.550000 175.390000 216 209 195
607.070000 230.360000 544.290000 174.250000 104 96 81
804.660000 229.990000 790.730000 199.190000 158 147 135
250.400000 227.680000 60.240000 84.160000 56 142 180
565.750000 224.320000 491.870000 161.640000 238 228 214
357.750000 223.860000 218.280000 118.680000 67 149 198
242.990000 223.700000 49.800000 77.920000 172 254 255
608.940000 218.980000 549.040000 160.500000 161 146 132
356.550000 216.160000 217.550000 108.530000 48 134 184
1230.530000 214.030000 1078.140000 283.390000 93 92 105
804.890000 214.090000 791.540000 183.060000 226 211 190
737.890000 212.110000 710.200000 171.910000 241 241 230
231.740000 211.410000 32.740000 57.060000 154 202 222
359.010000 210.550000 221.960000 103.020000 138 232 255
272.970000 206.170000 99.300000 67.750000 154 242 255
231.040000 206.370000 33.490000 51.290000 207 255 255
837.780000 205.160000 808.980000 188.220000 27 21 10
846.760000 202.840000 742.440000 220.530000 151 143 134
315.600000 200.590000 161.340000 73.470000 136 222 253
752.400000 196.320000 730.370000 156.650000 248 254 251
323.300000 195.040000 173.810000 68.880000 56 146 187
632.310000 193.610000 581.840000 136.990000 165 149 135
365.490000 189.060000 234.170000 76.590000 55 144 186
904.450000 186.650000 913.150000 166.540000 231 212 191
600.550000 182.710000 540.370000 120.070000 226 240 240
496.890000 181.650000 404.540000 107.160000 120 208 255
501.100000 180.060000 408.520000 105.530000 54 163 217
538.550000 178.140000 464.090000 103.840000 193 184 180
783.550000 173.080000 550.620000 255.030000 43 35 34
482.530000 172.450000 388.530000 92.860000 60 156 202
374.660000 170.860000 248.450000 55.810000 70 156 201
610.200000 166.880000 524.690000 130.120000 84 91 91
399.720000 165.350000 282.180000 59.120000 61 178 215
857.900000 161.210000 861.610000 134.000000 215 197 177
554.610000 160.050000 484.400000 88.720000 55 43 41
730.280000 144.680000 707.650000 97.970000 56 49 48
533.260000 132.950000 459.730000 54.340000 96 144 159
689.020000 125.490000 661.750000 69.360000 149 138 127
546.460000 124.950000 478.220000 46.790000 165 154 142
563.560000 121.930000 500.750000 47.560000 249 240 229
560.100000 121.250000 495.630000 44.940000 161 149 137
533.600000 117.200000 461.570000 38.920000 96 148 170
568.520000 116.120000 505.830000 42.610000 202 196 186
530.640000 114.750000 459.530000 33.490000 114 219 254
711.700000 111.300000 689.460000 58.680000 163 151 143
870.390000 105.770000 882.350000 75.980000 221 202 187
835.440000 96.400000 840.560000 62.780000 255 252 245
876.830000 96.030000 890.620000 67.140000 203 187 171
585.510000 93.110000 531.870000 18.400000 164 161 154
623.370000 87.930000 546.730000 51.230000 33 29 37
833.670000 87.110000 841.170000 50.290000 161 154 147
890.200000 85.630000 906.870000 58.620000 211 193 190
793.400000 85.160000 726.250000 85.610000 36 61 75
627.070000 82.910000 587.330000 13.920000 33 24 29
1020.830000 78.380000 986.150000 102.140000 54 46 51
800.350000 78.760000 733.050000 81.680000 49 69 87
887.770000 69.850000 905.930000 41.460000 203 190 182
619.610000 40.140000 520.410000 30.050000 152 146 136
676.160000 845.050000 583.100000 876.010000 181 162 149
600.200000 729.050000 542.480000 745.750000 147 128 113
592.980000 708.450000 522.760000 717.620000 187 167 152
1010.850000 700.590000 984.870000 713.180000 125 121 119
727.530000 687.570000 677.350000 693.510000 213 200 182
703.200000 683.000000 643.640000 686.470000 244 230 218
778.420000 680.320000 743.610000 688.460000 107 88 75
764.540000 676.140000 711.370000 680.630000 62 47 28
679.550000 666.690000 615.650000 667.160000 240 232 218
720.760000 665.810000 656.340000 667.300000 182 172 156
708.460000 665.500000 643.070000 665.980000 185 169 153
577.400000 659.640000 489.870000 656.520000 64 44 31
808.090000 639.810000 792.530000 646.570000 247 238 229
555.940000 632.140000 444.220000 619.220000 234 219 208
518.910000 624.030000 391.540000 607.090000 101 85 72
513.200000 618.430000 386.100000 601.000000 212 197 189
388.220000 618.630000 219.380000 592.860000 113 109 117
784.000000 615.680000 727.220000 614.140000 68 56 47
523.660000 612.840000 399.530000 593.850000 26 20 10
423.600000 610.650000 266.390000 585.100000 128 145 80
417.790000 608.020000 258.410000 581.080000 241 246 218
895.240000 607.680000 861.760000 610.940000 131 102 81
458.930000 606.980000 301.760000 585.070000 105 130 40
463.400000 606.590000 316.960000 583.310000 73 97 12
849.270000 606.080000 807.250000 606.840000 146 122 65
1058.040000 604.840000 887.450000 612.540000 86 71 64
865.640000 604.180000 828.200000 605.900000 217 188 167
892.150000 602.250000 857.260000 605.140000 116 87 65
777.090000 601.550000 720.370000 597.840000 222 201 192
1057.420000 595.370000 976.770000 606.640000 113 99 94
935.210000 595.300000 825.250000 595.310000 222 199 173
860.650000 594.670000 821.450000 595.030000 214 187 154
344.210000 593.960000 152.160000 560.820000 106 108 117
957.760000 585.450000 936.790000 590.270000 241 220 203
845.500000 579.690000 805.070000 578.170000 210 182 156
969.190000 578.700000 951.460000 584.270000 202 182 177
848.090000 577.930000 808.510000 576.190000 160 131 109
903.980000 576.950000 875.310000 578.780000 142 112 96
969.430000 573.430000 951.550000 578.790000 213 193 188
354.920000 573.010000 168.820000 535.410000 236 234 236
836.890000 564.150000 797.070000 561.050000 148 127 111
1055.300000 563.000000 984.990000 570.090000 116 104 98
790.100000 563.260000 735.940000 557.330000 88 75 76
892.310000 561.860000 863.110000 562.000000 132 103 76
462.120000 561.910000 311.560000 531.830000 112 106 100
942.500000 560.340000 922.150000 563.370000 151 120 102
833.800000 557.770000 793.850000 553.870000 187 176 162
371.800000 558.050000 190.650000 521.190000 66 58 43
863.620000 556.260000 829.500000 554.290000 221 189 152
460.030000 556.070000 309.610000 524.630000 41 35 28
968.230000 554.200000 952.100000 558.080000 85 66 55
339.490000 553.500000 142.700000 513.180000 66 66 78
440.610000 552.320000 281.210000 519.910000 97 91 84
440.610000 552.320000 281.210000 519.910000 97 91 84
407.590000 552.290000 237.460000 516.010000 88 86 87
869.410000 548.780000 837.370000 546.320000 150 117 95
869.410000 548.780000 837.370000 546.320000 150 117 95
961.280000 548.700000 946.490000 552.200000 135 114 101
598.020000 547.340000 497.070000 525.810000 209 199 176
612.540000 545.960000 516.360000 525.090000 177 167 146
846.040000 543.440000 811.550000 539.120000 227 203 179
846.040000 543.440000 811.550000 539.120000 227 203 179
518.430000 542.640000 375.950000 515.440000 19 17 18
1015.020000 542.260000 956.570000 549.860000 92 80 69
843.510000 541.560000 808.420000 536.810000 163 140 116
903.000000 536.580000 877.770000 535.840000 128 103 91
773.000000 536.640000 721.200000 526.970000 229 210 189
533.470000 534.350000 414.670000 506.570000 150 137 138
965.990000 532.660000 951.370000 535.440000 90 76 70
831.590000 531.390000 793.430000 525.200000 174 157 143
485.210000 529.080000 338.390000 498.170000 14 10 10
970.040000 526.780000 957.210000 530.490000 45 32 27
996.440000 525.770000 968.070000 531.280000 38 27 17
1056.400000 523.970000 978.690000 532.160000 63 53 46
455.920000 523.380000 308.010000 487.240000 77 73 57
362.200000 518.280000 180.610000 473.900000 196 181 176
626.880000 512.320000 769.510000 464.460000 254 247 230
646.580000 511.440000 488.860000 496.220000 55 50 30
867.770000 510.930000 840.410000 505.480000 148 123 110
657.080000 509.400000 488.860000 496.220000 56 51 31
339.020000 509.620000 148.890000 461.240000 96 92 103
662.200000 508.410000 488.860000 496.220000 41 36 16
684.620000 507.210000 798.070000 470.090000 208 198 180
443.060000 507.200000 294.420000 467.840000 97 92 80
868.250000 505.790000 838.540000 500.520000 129 105 91
817.050000 503.870000 779.070000 494.300000 136 120 104
351.510000 504.080000 167.790000 457.120000 62 59 71
705.330000 503.510000 641.110000 485.150000 204 189 170
712.260000 502.420000 649.410000 484.640000 184 165 151
936.180000 499.370000 921.130000 498.570000 217 192 176
943.780000 498.990000 842.350000 502.990000 178 153 137
722.500000 497.590000 664.310000 480.000000 55 39 27
952.560000 496.990000 940.120000 497.220000 181 156 143
791.940000 495.190000 747.480000 483.030000 123 112 94
349.110000 495.080000 164.720000 445.800000 102 98 111
710.490000 490.710000 840.570000 449.510000 221 203 189
383.210000 490.430000 214.350000 441.780000 99 90 97
828.330000 489.020000 878.310000 471.970000 132 112 97
341.540000 488.030000 154.760000 436.070000 34 29 47
810.450000 487.440000 786.890000 475.100000 116 105 87
725.070000 487.470000 665.880000 469.320000 141 125 111
957.290000 486.430000 946.270000 486.570000 186 167 156
733.380000 485.900000 674.430000 468.490000 240 228 214
593.400000 484.800000 496.230000 454.640000 120 122 121
953.960000 484.200000 942.760000 483.910000 119 100 87
827.180000 484.480000 853.680000 468.730000 139 120 105
742.170000 484.090000 840.570000 449.510000 254 246 229
746.650000 482.970000 787.160000 455.460000 246 232 211
746.650000 482.970000 787.160000 455.460000 246 232 211
407.460000 483.070000 248.350000 437.150000 50 45 35
719.060000 480.170000 660.840000 460.490000 202 190 180
602.840000 479.880000 509.040000 450.310000 123 122 124
772.760000 478.040000 787.160000 455.460000 235 220 199
505.350000 476.690000 368.380000 442.880000 29 28 30
489.580000 476.150000 349.550000 439.910000 71 68 71
311.010000 476.170000 114.750000 417.760000 46 41 55
873.710000 474.010000 789.150000 472.670000 204 194 177
399.730000 471.560000 242.010000 420.920000 70 64 60
955.400000 469.780000 946.060000 468.680000 143 131 118
943.340000 469.180000 931.380000 467.220000 116 102 84
832.570000 468.490000 683.850000 470.330000 131 121 105
512.330000 467.090000 377.690000 433.480000 76 75 77
948.600000 464.750000 938.380000 463.120000 217 206 194
438.100000 464.540000 291.540000 418.000000 61 58 53
523.360000 464.090000 390.300000 432.160000 108 100 105
951.520000 462.490000 941.620000 460.890000 91 80 68
835.910000 461.870000 805.600000 450.520000 160 140 121
847.060000 459.120000 818.030000 449.200000 121 106 85
938.560000 458.450000 756.440000 472.960000 158 153 135
446.630000 457.580000 305.190000 410.730000 159 157 142
831.490000 455.480000 799.930000 443.310000 212 193 172
866.500000 454.950000 842.210000 445.890000 131 119 93
871.840000 453.940000 847.850000 445.440000 158 146 120
465.200000 453.850000 328.960000 409.700000 140 133 128
903.830000 453.700000 683.850000 470.330000 118 106 80
853.040000 453.100000 825.710000 443.200000 125 110 85
275.640000 452.240000 66.730000 382.780000 66 64 71
772.600000 451.450000 711.100000 436.630000 115 102 79
468.770000 450.530000 328.960000 409.700000 145 138 134
785.460000 448.250000 711.100000 436.630000 112 102 79
883.700000 446.560000 861.700000 438.880000 129 111 87
794.730000 445.790000 720.600000 435.180000 169 163 139
913.200000 444.870000 776.600000 453.820000 148 129 105
751.850000 443.580000 702.900000 422.400000 137 135 127
910.830000 443.130000 800.790000 449.150000 213 193 170
824.370000 440.940000 821.730000 422.960000 172 160 143
758.990000 440.970000 709.700000 422.330000 148 155 149
411.410000 439.340000 262.410000 386.780000 70 67 59
944.280000 438.250000 933.820000 435.130000 132 116 104
879.040000 438.480000 859.110000 429.400000 120 99 79
830.970000 438.380000 800.520000 425.330000 206 195 177
848.570000 438.180000 822.200000 426.290000 212 197 176
905.880000 436.380000 889.360000 430.100000 127 107 82
591.980000 434.880000 499.450000 399.710000 83 84 88
245.710000 433.220000 23.320000 353.940000 108 104 115
854.930000 432.230000 800.520000 425.330000 205 194 170
936.670000 431.690000 925.900000 427.480000 195 170 153
926.990000 431.490000 914.700000 426.400000 167 140 119
923.490000 430.340000 911.060000 424.870000 226 199 178
590.280000 430.660000 529.530000 384.800000 140 141 145
938.330000 428.530000 926.990000 424.750000 160 139 123
588.910000 428.360000 497.450000 391.860000 19 20 22
602.480000 428.020000 516.320000 392.060000 38 36 35
949.030000 427.410000 940.210000 424.600000 90 73 63
378.060000 426.860000 214.190000 368.090000 126 121 125
870.060000 426.270000 847.110000 415.600000 139 125 108
600.310000 426.200000 513.350000 390.160000 188 186 187
945.660000 424.850000 936.930000 421.070000 188 172 160
945.660000 424.850000 936.930000 421.070000 188 172 160
612.530000 420.360000 529.530000 384.800000 152 153 155
570.980000 417.370000 478.100000 378.270000 194 176 159
878.200000 416.960000 858.980000 406.520000 235 216 199
574.670000 416.750000 482.170000 377.460000 199 185 168
628.410000 415.950000 550.960000 381.340000 64 60 58
642.920000 415.770000 569.620000 382.700000 202 184 166
642.920000 415.770000 569.620000 382.700000 202 184 166
616.300000 415.870000 533.100000 380.750000 59 62 63
933.660000 415.060000 923.380000 409.740000 147 126 109
473.530000 414.690000 341.990000 368.190000 47 45 45
919.000000 413.870000 907.810000 406.870000 145 122 100
521.200000 414.190000 396.940000 374.780000 151 147 149
590.990000 413.330000 500.990000 375.510000 46 39 36
598.790000 409.410000 513.800000 370.970000 39 37 35
858.910000 407.490000 753.260000 409.930000 235 245 247
339.040000 407.430000 169.810000 334.720000 49 134 164
716.640000 406.830000 664.590000 379.700000 82 79 83
884.430000 406.070000 867.450000 396.210000 225 204 184
942.000000 405.160000 935.390000 400.070000 201 185 173
942.000000 405.160000 935.390000 400.070000 201 185 173
604.110000 401.930000 520.730000 364.250000 129 128 120
891.320000 399.470000 876.380000 389.570000 223 199 175
622.680000 396.540000 548.490000 358.600000 44 40 42
622.680000 396.540000 548.490000 358.600000 44 40 42
637.540000 394.000000 565.260000 357.910000 185 174 158
887.180000 393.420000 872.170000 382.520000 170 147 125
937.830000 387.590000 931.060000 381.510000 136 116 106
635.990000 385.350000 563.480000 348.090000 191 182 166
635.970000 379.090000 564.290000 340.950000 159 146 128
625.860000 378.540000 552.800000 339.220000 87 72 51
902.380000 376.690000 891.450000 366.770000 211 193 169
901.240000 374.050000 891.030000 363.590000 119 101 77
458.870000 372.680000 333.510000 315.060000 15 55 100
455.650000 372.470000 328.750000 313.000000 180 211 247
886.550000 372.040000 873.950000 359.800000 242 224 200
874.690000 370.820000 859.370000 357.530000 193 180 155
571.460000 368.750000 449.390000 341.670000 193 179 157
912.070000 367.870000 901.860000 358.430000 183 166 142
892.970000 365.450000 882.140000 353.420000 216 193 169
936.680000 364.990000 932.620000 357.790000 137 123 109
751.920000 361.130000 777.060000 314.440000 142 152 161
896.940000 360.660000 887.330000 348.670000 154 131 107
750.170000 356.450000 775.340000 309.160000 186 191 198
718.780000 356.460000 672.000000 325.680000 166 157 146
899.010000 355.310000 890.330000 343.410000 134 110 86
764.310000 352.430000 799.090000 304.580000 67 75 78
930.160000 351.470000 925.870000 342.550000 213 202 183
912.680000 350.370000 907.080000 339.500000 129 110 86
898.960000 348.490000 890.370000 336.300000 211 193 165
730.910000 342.830000 688.340000 311.780000 57 51 45
740.300000 342.140000 698.510000 312.880000 135 134 138
574.070000 340.730000 486.790000 293.720000 194 186 173
563.670000 338.340000 476.740000 288.100000 163 147 131
577.700000 337.390000 550.540000 258.360000 177 175 165
624.630000 336.680000 616.700000 263.900000 198 185 163
921.700000 334.340000 918.580000 323.900000 208 190 171
755.550000 334.460000 734.210000 301.510000 127 142 191
880.780000 334.280000 870.630000 319.440000 138 117 97
910.630000 331.610000 906.600000 319.630000 148 130 106
745.140000 330.410000 706.140000 300.100000 80 74 78
822.850000 328.670000 800.420000 306.880000 142 154 173
584.300000 328.510000 502.840000 280.550000 79 99 107
723.500000 324.240000 681.910000 290.950000 248 240 226
828.580000 323.570000 733.830000 324.930000 61 73 78
927.770000 319.570000 926.460000 309.060000 145 131 118
894.420000 319.110000 888.080000 304.850000 134 120 95
872.340000 317.500000 862.670000 300.350000 208 187 167
841.740000 317.220000 794.740000 305.940000 52 66 71
929.830000 316.210000 929.850000 305.670000 196 181 174
796.360000 310.900000 770.300000 285.440000 84 84 94
1054.900000 309.180000 997.400000 328.700000 94 90 90
931.060000 309.170000 931.260000 293.290000 74 59 50
614.320000 308.740000 544.520000 261.890000 223 227 219
863.440000 305.030000 853.710000 286.330000 122 112 89
899.530000 297.590000 897.700000 282.420000 135 118 92
460.510000 291.510000 345.760000 223.490000 92 120 145
714.100000 289.090000 674.110000 251.210000 209 199 193
864.750000 287.280000 857.290000 267.070000 172 165 141
398.350000 286.430000 262.370000 205.910000 48 86 117
862.320000 285.570000 854.530000 265.440000 253 246 227
582.780000 283.260000 505.620000 231.010000 97 117 135
872.190000 278.620000 865.410000 259.470000 143 132 118
871.090000 275.530000 864.900000 256.070000 197 186 167
735.760000 275.060000 720.800000 230.640000 188 176 166
846.190000 274.380000 834.330000 252.460000 48 42 26
496.810000 273.120000 389.140000 212.400000 161 213 251
868.200000 270.290000 862.210000 250.230000 138 128 95
415.940000 270.580000 287.300000 191.970000 42 134 184
415.940000 270.580000 287.300000 191.970000 42 134 184
385.220000 270.510000 246.560000 184.240000 147 201 253
601.920000 267.900000 565.920000 193.910000 140 172 204
870.290000 266.630000 865.310000 246.460000 107 94 60
606.700000 263.620000 508.680000 230.480000 154 193 217
239.610000 262.580000 39.200000 129.880000 148 236 253
699.750000 261.210000 659.810000 218.930000 166 155 147
577.280000 261.060000 502.900000 203.990000 102 93 75
570.540000 259.500000 549.040000 160.500000 164 148 136
508.170000 259.470000 403.510000 200.080000 118 204 255
609.230000 256.990000 544.250000 203.730000 114 146 160
291.960000 255.030000 120.560000 136.850000 149 239 255
587.990000 253.480000 517.290000 197.530000 173 168 153
585.440000 252.540000 513.830000 195.930000 127 121 106
621.460000 249.700000 527.160000 219.350000 182 202 222
643.230000 248.890000 207.130000 419.560000 184 176 161
854.050000 248.270000 849.690000 224.620000 140 131 111
776.900000 245.490000 678.430000 246.900000 31 18 11
592.490000 244.730000 530.910000 182.990000 133 123 107
357.120000 244.050000 215.020000 142.000000 172 253 255
617.970000 242.890000 524.400000 210.940000 33 38 51
354.550000 242.400000 211.610000 138.600000 52 133 174
552.050000 240.800000 472.180000 177.840000 200 186 173
607.940000 235.230000 545.250000 180.000000 89 83 70
500.520000 235.240000 395.850000 170.620000 77 165 212
799.670000 233.440000 785.610000 201.580000 185 174 160
635.150000 232.710000 726.250000 85.610000 108 129 141
919.840000 231.340000 925.990000 215.890000 98 81 73
357.580000 229.090000 216.960000 124.190000 81 142 196
919.470000 227.080000 925.280000 210.570000 72 55 47
408.400000 226.790000 286.100000 136.290000 149 217 249
911.960000 225.560000 918.100000 208.300000 158 149 128
720.050000 220.580000 689.160000 176.920000 145 137 122
251.650000 220.500000 61.980000 75.180000 70 162 202
567.180000 219.560000 494.210000 155.910000 111 106 90
572.200000 217.360000 500.670000 154.740000 223 218 204
825.110000 216.980000 730.450000 225.900000 160 148 143
341.580000 214.080000 198.130000 100.790000 144 224 253
579.140000 212.310000 507.700000 151.670000 152 149 146
734.810000 211.500000 706.180000 171.310000 88 90 80
288.020000 211.590000 120.680000 79.610000 79 169 213
251.710000 208.990000 65.350000 62.770000 125 232 255
251.710000 208.990000 65.350000 62.770000 125 232 255
347.030000 202.870000 205.800000 88.680000 58 147 196
407.740000 202.750000 286.640000 113.300000 60 189 226
341.830000 201.360000 200.310000 85.740000 141 241 255
532.640000 199.440000 451.090000 128.990000 53 80 111
638.490000 198.570000 589.100000 142.280000 168 149 136
854.340000 197.670000 852.300000 172.020000 193 187 173
826.960000 195.580000 863.930000 145.630000 168 150 132
466.090000 193.750000 364.040000 112.060000 111 216 255
755.050000 193.080000 532.580000 263.920000 94 103 103
687.540000 192.960000 650.970000 143.390000 203 184 169
316.340000 192.530000 164.980000 65.240000 156 244 255
312.520000 189.050000 158.810000 58.040000 137 237 255
476.090000 187.540000 376.530000 108.200000 55 140 191
314.800000 186.880000 162.620000 56.490000 82 193 222
872.380000 186.050000 875.950000 161.580000 225 213 211
778.270000 181.570000 739.380000 155.320000 241 234 233
889.770000 179.350000 895.790000 157.930000 220 209 197
882.670000 179.640000 764.780000 210.950000 177 167 162
601.750000 177.540000 513.250000 141.160000 143 164 173
789.570000 176.340000 555.090000 259.420000 154 143 131
365.980000 170.660000 236.540000 53.070000 51 178 211
612.580000 168.390000 497.070000 157.750000 210 211 204
620.020000 163.240000 507.700000 151.670000 154 152 140
404.090000 161.450000 287.400000 55.280000 54 181 218
377.150000 161.760000 252.890000 45.500000 129 234 255
905.670000 153.990000 919.770000 132.190000 54 44 29
895.340000 148.940000 890.790000 133.380000 137 125 110
712.990000 148.430000 688.070000 98.420000 176 166 152
578.620000 135.520000 517.880000 65.000000 139 135 136
605.940000 133.770000 524.010000 93.400000 195 203 211
691.570000 131.000000 662.840000 77.070000 158 146 142
752.790000 123.510000 804.950000 34.470000 159 161 169
707.760000 117.870000 658.690000 84.680000 207 196 186
755.560000 117.470000 784.200000 51.670000 244 253 255
612.600000 117.150000 532.040000 79.460000 210 209 213
764.250000 112.450000 544.250000 203.730000 128 130 139
774.090000 103.730000 765.930000 61.300000 113 114 116
777.640000 96.520000 708.990000 93.780000 207 217 221
876.170000 66.960000 892.610000 37.430000 218 199 188
816.700000 66.460000 749.790000 74.090000 153 177 194
