606.890000 409.550000 519.330000 401.260000 130 130 130
561.600000 551.660000 447.790000 549.830000 148 130 107
389.080000 541.510000 227.300000 519.120000 75 71 72
550.840000 413.160000 455.300000 396.330000 169 151 131
437.970000 292.910000 336.640000 256.910000 126 134 175
792.850000 557.790000 703.380000 580.930000 171 147 104
652.710000 560.650000 548.080000 566.990000 177 159 129
997.830000 457.370000 924.510000 498.610000 205 190 171
295.820000 282.020000 168.890000 206.180000 63 75 98
1054.150000 541.290000 966.710000 585.040000 57 42 36
310.840000 537.760000 139.880000 499.620000 26 22 33
367.770000 500.770000 217.840000 466.320000 45 37 38
280.920000 319.570000 139.800000 245.300000 108 203 244
752.850000 251.960000 702.940000 263.440000 156 140 124
691.020000 228.180000 636.820000 231.840000 169 151 133
863.200000 222.830000 816.290000 254.280000 35 30 24
882.800000 519.650000 800.950000 548.640000 227 196 172
480.780000 386.930000 373.260000 362.390000 57 52 56
259.190000 378.630000 99.030000 310.150000 132 153 184
762.270000 280.230000 707.920000 292.870000 45 41 34
837.220000 58.910000 808.780000 94.440000 121 154 181
749.270000 604.660000 654.690000 625.370000 30 24 11
461.960000 558.750000 327.540000 543.550000 39 35 35
888.770000 557.040000 803.250000 587.950000 132 103 79
853.240000 504.940000 774.680000 531.180000 27 24 14
723.860000 502.860000 635.330000 514.280000 158 139 121
539.960000 501.820000 428.170000 491.940000 153 135 114
339.080000 470.830000 188.850000 430.070000 157 147 140
316.510000 436.400000 165.240000 388.200000 139 231 253
273.500000 430.170000 109.000000 372.240000 202 243 255
437.370000 389.840000 322.610000 358.980000 52 48 48
463.550000 363.670000 358.950000 334.400000 102 187 235
620.840000 359.500000 543.930000 351.430000 44 40 38
849.400000 342.810000 787.550000 369.260000 195 220 228
803.150000 285.990000 747.990000 305.890000 248 252 255
261.710000 289.260000 121.530000 205.490000 98 118 162
261.710000 289.260000 121.530000 205.490000 98 118 162
840.820000 267.200000 789.940000 292.670000 252 255 255
631.440000 225.970000 574.230000 217.270000 219 248 255
781.130000 150.050000 741.950000 169.370000 148 141 117
594.330000 739.440000 486.860000 766.300000 148 132 120
456.020000 563.760000 316.810000 550.870000 46 43 38
837.710000 560.380000 747.590000 586.240000 141 149 145
837.710000 560.380000 747.590000 586.240000 141 149 145
817.380000 507.450000 734.960000 530.140000 35 29 17
539.380000 501.830000 428.170000 491.940000 153 135 114
413.240000 426.430000 289.200000 393.180000 47 43 43
897.580000 393.980000 833.720000 424.440000 106 97 70
837.910000 382.780000 771.480000 408.000000 51 49 44
350.560000 382.450000 216.990000 333.890000 72 72 93
1007.850000 342.930000 942.530000 390.140000 42 24 21
989.330000 331.380000 929.150000 376.390000 108 92 78
762.280000 317.290000 701.090000 329.760000 91 91 89
762.280000 317.290000 701.090000 329.760000 91 91 89
745.830000 314.980000 685.220000 325.700000 211 202 191
745.830000 314.980000 685.220000 325.700000 211 202 191
392.250000 290.630000 286.280000 240.320000 93 146 193
979.580000 198.590000 932.050000 249.820000 67 55 47
569.460000 156.480000 514.440000 133.880000 116 135 152
997.530000 152.750000 947.040000 212.620000 54 42 40
591.260000 125.910000 514.440000 133.880000 137 158 171
983.970000 120.240000 939.710000 179.780000 83 70 68
720.760000 81.230000 690.060000 86.120000 215 209 203
748.170000 64.430000 719.170000 77.990000 164 191 218
734.990000 56.900000 707.890000 67.640000 67 64 64
734.990000 56.900000 707.890000 67.640000 67 64 64
984.900000 706.180000 905.040000 747.940000 150 140 126
1102.740000 699.340000 1004.860000 743.170000 49 38 28
1077.680000 677.310000 977.850000 720.030000 128 116 112
985.290000 651.090000 906.910000 690.610000 25 25 18
818.100000 635.270000 721.300000 662.520000 197 178 163
748.460000 631.210000 652.530000 652.110000 100 91 80
961.400000 609.110000 887.490000 646.420000 142 132 123
342.440000 572.580000 179.090000 546.640000 120 108 102
809.230000 565.970000 719.590000 590.390000 198 179 150
471.710000 521.890000 340.630000 507.010000 20 18 20
804.670000 519.500000 720.670000 539.980000 184 163 143
1233.900000 485.650000 1076.140000 551.070000 25 19 15
1233.900000 485.650000 1076.140000 551.070000 25 19 15
727.410000 482.480000 642.190000 494.340000 207 188 173
354.490000 422.120000 215.020000 378.830000 63 59 61
1029.720000 381.190000 954.100000 429.960000 111 91 82
1156.900000 376.940000 1034.930000 446.650000 17 15 11
1122.740000 375.390000 1014.250000 440.380000 166 157 136
398.380000 373.450000 280.440000 332.900000 83 163 208
1145.060000 317.580000 1030.280000 391.550000 26 24 24
464.780000 301.040000 368.600000 267.620000 94 111 130
1103.010000 289.750000 1006.340000 357.890000 128 126 118
349.620000 262.080000 236.560000 197.880000 122 176 218
894.960000 230.690000 848.530000 265.630000 225 216 203
894.960000 230.690000 848.530000 265.630000 225 216 203
629.900000 183.250000 578.130000 173.400000 172 206 221
1118.020000 141.700000 1023.370000 235.270000 138 135 130
1223.470000 120.490000 1082.370000 240.000000 87 166 206
799.950000 107.190000 767.740000 131.920000 96 97 90
1061.210000 90.180000 990.190000 173.650000 184 181 173
746.230000 65.470000 719.170000 77.990000 164 193 219
969.650000 51.450000 933.630000 109.320000 105 92 90
982.410000 47.690000 943.110000 114.320000 40 30 25
1034.870000 40.790000 976.330000 125.630000 20 16 24
1034.870000 40.790000 976.330000 125.630000 20 16 24
790.730000 35.030000 767.270000 57.560000 84 91 87
543.510000 759.370000 427.910000 788.640000 98 81 70
633.510000 742.230000 535.200000 770.850000 223 214 199
1063.670000 706.430000 969.850000 750.430000 27 15 7
1091.100000 690.200000 991.190000 732.420000 93 82 75
1091.100000 690.200000 991.190000 732.420000 93 82 75
1020.640000 681.340000 936.320000 723.700000 24 13 7
1099.030000 670.280000 993.860000 713.830000 238 148 127
869.610000 614.540000 785.280000 644.460000 253 249 233
420.870000 586.840000 274.600000 571.430000 228 230 213
420.870000 586.840000 274.600000 571.430000 228 230 213
337.060000 571.910000 166.980000 544.950000 62 49 46
310.650000 569.010000 132.010000 538.530000 84 84 71
525.090000 561.000000 405.090000 552.360000 220 222 197
1173.100000 558.660000 1037.090000 611.000000 39 26 20
604.330000 533.730000 498.550000 532.650000 39 34 24
604.330000 533.730000 498.550000 532.650000 39 34 24
1154.020000 526.670000 1026.910000 581.170000 127 115 107
724.690000 506.090000 637.140000 517.630000 176 158 141
849.680000 500.320000 769.310000 526.560000 28 17 5
1063.950000 493.990000 972.160000 541.970000 107 98 89
588.560000 462.010000 490.860000 456.440000 53 54 45
632.460000 448.440000 541.940000 447.850000 71 66 72
256.500000 433.820000 85.370000 375.190000 24 25 63
221.680000 409.890000 40.540000 339.770000 38 54 65
825.910000 400.170000 757.060000 422.780000 254 250 235
1097.970000 393.680000 997.850000 452.000000 117 102 91
847.890000 393.840000 781.460000 418.820000 255 253 238
297.570000 388.390000 151.650000 328.270000 103 191 231
457.220000 361.330000 353.420000 329.730000 94 204 255
502.400000 357.280000 400.580000 335.710000 66 183 225
353.000000 356.240000 228.710000 304.390000 60 68 76
360.370000 337.020000 239.980000 285.800000 84 84 94
360.370000 337.020000 239.980000 285.800000 84 84 94
345.040000 325.500000 221.420000 266.040000 116 202 231
1157.610000 320.540000 1038.040000 396.310000 140 137 129
310.190000 303.440000 181.060000 233.740000 55 71 87
404.790000 281.820000 302.200000 234.160000 63 75 99
882.760000 263.680000 831.480000 295.920000 28 36 32
1105.870000 258.050000 1011.270000 331.740000 35 28 27
905.770000 254.650000 856.240000 289.990000 170 155 134
575.130000 238.600000 511.160000 218.040000 171 202 228
575.130000 238.600000 511.160000 218.040000 171 202 228
393.910000 233.910000 298.980000 179.040000 110 174 226
1157.560000 225.470000 1043.040000 313.340000 89 84 72
601.740000 210.160000 543.110000 195.980000 165 188 211
891.110000 207.620000 847.770000 241.980000 230 224 210
593.830000 203.470000 537.250000 185.490000 36 36 36
593.830000 203.470000 537.250000 185.490000 36 36 36
1174.050000 201.520000 1053.340000 296.960000 138 131 134
618.620000 193.880000 563.850000 182.380000 169 191 218
1077.100000 162.610000 997.520000 238.620000 99 89 85
378.100000 160.600000 292.010000 92.560000 89 199 240
756.670000 150.060000 717.640000 163.450000 208 233 227
1063.430000 135.050000 991.050000 213.830000 56 49 39
1240.530000 129.750000 1095.960000 248.920000 22 36 51
948.900000 96.690000 914.570000 148.390000 180 168 175
1095.420000 83.970000 1012.030000 178.710000 24 20 16
1008.510000 85.090000 957.850000 153.060000 56 47 36
861.190000 64.510000 833.840000 100.880000 246 240 233
1046.550000 22.330000 984.500000 109.240000 173 166 165
753.690000 789.270000 683.660000 833.870000 169 153 141
1120.390000 694.120000 1018.800000 738.960000 47 30 22
1008.140000 667.830000 926.820000 707.390000 18 17 14
701.320000 667.730000 601.690000 687.480000 15 9 0
701.320000 667.730000 601.690000 687.480000 15 9 0
663.510000 658.160000 560.910000 673.320000 149 134 115
898.640000 649.760000 819.310000 682.230000 27 31 18
820.520000 648.600000 725.230000 675.160000 114 99 88
820.520000 648.600000 725.230000 675.160000 114 99 88
732.470000 640.910000 635.410000 662.490000 159 148 132
1011.770000 615.620000 929.660000 656.730000 27 20 12
725.530000 612.450000 632.930000 629.020000 41 32 20
330.950000 568.620000 159.400000 538.830000 79 72 75
473.050000 566.550000 336.020000 554.110000 29 26 20
386.610000 564.730000 232.640000 542.530000 120 119 111
391.020000 557.060000 238.730000 534.740000 20 18 19
613.580000 535.490000 508.430000 535.410000 90 87 79
870.550000 531.710000 788.150000 560.310000 36 35 26
865.680000 496.110000 786.940000 523.890000 11 0 0
407.230000 496.040000 273.950000 467.370000 166 160 153
1094.460000 490.500000 992.860000 544.010000 63 52 39
608.710000 465.600000 512.630000 462.150000 254 249 235
632.830000 449.020000 542.140000 448.420000 71 66 72
256.780000 432.800000 85.370000 375.190000 31 32 71
970.730000 423.980000 901.560000 463.770000 152 141 128
451.960000 416.960000 335.030000 389.850000 57 56 48
221.430000 409.070000 40.540000 339.770000 38 54 65
760.380000 408.340000 687.840000 422.790000 233 223 207
319.260000 406.530000 175.660000 353.530000 75 170 202
792.320000 400.170000 720.480000 418.330000 45 56 53
582.960000 400.370000 493.910000 390.200000 29 27 26
804.450000 397.080000 733.760000 417.690000 26 37 34
782.820000 396.740000 711.320000 413.850000 171 186 180
820.640000 392.930000 747.260000 415.710000 73 85 73
736.920000 377.650000 667.090000 387.770000 70 59 59
1205.690000 335.960000 1065.670000 418.260000 129 119 111
359.930000 301.990000 245.340000 244.750000 114 153 194
1137.090000 284.420000 1028.540000 361.780000 30 27 20
608.350000 272.080000 541.080000 260.730000 190 209 211
615.500000 260.810000 550.530000 250.040000 77 86 85
615.500000 260.810000 550.530000 250.040000 77 86 85
447.300000 257.830000 357.490000 216.380000 125 189 232
1095.890000 252.660000 1003.540000 324.970000 134 127 126
708.880000 249.840000 655.310000 253.710000 39 34 19
708.880000 249.840000 655.310000 253.710000 39 34 19
728.880000 245.320000 676.600000 253.110000 149 138 130
1154.550000 235.900000 1041.680000 321.780000 25 19 7
1154.550000 235.900000 1041.680000 321.780000 25 19 7
621.200000 234.160000 560.830000 223.740000 227 252 255
592.870000 219.900000 531.980000 203.520000 154 181 207
900.090000 215.430000 855.130000 251.740000 35 32 8
900.090000 215.430000 855.130000 251.740000 35 32 8
718.130000 211.200000 669.760000 216.710000 56 49 42
718.130000 211.200000 669.760000 216.710000 56 49 42
967.560000 193.720000 921.970000 241.640000 106 96 78
315.600000 190.650000 209.810000 110.180000 110 197 240
633.680000 174.610000 583.040000 166.300000 213 215 214
791.900000 123.440000 758.470000 143.750000 238 244 246
610.580000 109.220000 535.150000 122.440000 250 247 243
568.790000 109.270000 521.830000 84.740000 207 224 243
582.280000 89.370000 512.010000 94.400000 240 244 255
591.320000 76.280000 521.830000 84.740000 246 248 255
804.740000 70.460000 776.590000 95.240000 236 255 255
909.790000 35.760000 884.060000 82.440000 140 125 106
788.140000 6.970000 768.120000 30.860000 17 14 19
745.490000 660.270000 649.780000 682.050000 75 61 45
780.290000 656.910000 684.190000 681.500000 52 42 18
642.260000 656.030000 535.270000 669.950000 69 54 35
795.810000 652.860000 699.570000 678.270000 247 236 222
746.930000 653.010000 649.430000 674.570000 152 141 125
664.410000 650.210000 561.560000 664.470000 70 56 39
749.460000 646.180000 651.530000 667.120000 45 35 19
968.830000 642.540000 894.820000 682.010000 23 16 10
594.940000 630.360000 485.210000 635.830000 122 107 94
663.630000 625.850000 558.040000 637.980000 251 243 232
1020.070000 623.770000 935.110000 663.490000 150 150 126
385.860000 572.730000 230.810000 551.700000 73 76 45
372.050000 563.600000 214.220000 539.690000 108 109 102
495.190000 562.570000 363.610000 553.260000 41 45 13
1246.960000 548.660000 1079.840000 608.460000 178 166 161
730.660000 528.150000 640.190000 541.840000 162 144 123
749.560000 520.040000 662.230000 535.140000 55 44 33
852.380000 516.730000 768.880000 542.870000 26 22 22
852.380000 516.730000 768.880000 542.870000 26 22 22
1207.240000 490.250000 1060.790000 552.160000 129 126 119
1175.790000 481.030000 1042.510000 541.510000 118 105 102
601.140000 461.140000 506.370000 456.120000 35 36 34
314.320000 460.840000 156.280000 415.680000 92 92 112
636.670000 457.280000 546.500000 456.540000 250 242 223
602.700000 450.310000 508.460000 443.440000 44 45 47
640.670000 445.860000 552.060000 447.000000 215 207 192
325.510000 443.490000 175.170000 398.290000 191 248 255
743.510000 441.000000 665.750000 452.120000 52 48 42
743.510000 441.000000 665.750000 452.120000 52 48 42
1095.050000 438.860000 996.410000 495.280000 94 83 85
332.220000 428.020000 187.270000 379.680000 51 57 61
1069.180000 421.270000 980.780000 473.850000 82 75 69
501.620000 418.570000 390.200000 401.070000 85 85 105
1007.390000 416.850000 937.600000 461.070000 143 134 116
743.890000 388.150000 673.160000 399.900000 165 151 138
609.620000 386.630000 526.110000 379.330000 38 33 37
609.620000 386.630000 526.110000 379.330000 38 33 37
757.870000 385.030000 688.210000 398.360000 219 210 190
847.050000 377.410000 779.970000 404.110000 206 225 218
609.070000 376.690000 526.420000 368.860000 40 36 38
467.610000 374.100000 360.070000 346.910000 123 194 224
634.520000 366.900000 556.860000 361.420000 186 177 164
424.570000 350.970000 315.600000 313.170000 48 54 66
424.570000 350.970000 315.600000 313.170000 48 54 66
450.400000 346.940000 346.750000 314.320000 146 205 240
351.770000 341.670000 228.840000 288.470000 148 166 178
334.290000 340.350000 206.480000 281.950000 158 190 214
218.760000 331.210000 52.970000 244.260000 68 120 173
1139.530000 328.010000 1026.320000 400.060000 82 72 76
427.450000 318.270000 324.460000 277.900000 64 68 65
476.580000 307.510000 381.630000 277.820000 125 204 253
742.350000 301.090000 683.130000 311.140000 21 16 1
574.110000 300.520000 497.730000 284.110000 171 174 176
421.270000 299.540000 319.710000 257.580000 159 178 205
583.070000 294.360000 509.970000 278.510000 168 179 182
601.180000 287.080000 504.990000 289.240000 134 127 103
596.260000 280.560000 526.240000 266.750000 165 183 198
743.850000 279.910000 687.760000 289.840000 16 11 3
595.310000 269.310000 526.880000 257.710000 154 186 208
607.520000 261.460000 542.230000 249.490000 167 186 198
1133.640000 260.740000 1029.220000 340.390000 17 10 6
278.520000 261.380000 147.340000 177.500000 59 90 122
594.690000 257.960000 527.870000 243.980000 209 233 251
1235.380000 256.840000 1081.400000 357.900000 77 73 81
605.060000 249.180000 540.950000 236.620000 227 252 255
721.450000 241.960000 669.880000 247.840000 18 12 5
721.450000 241.960000 669.880000 247.840000 18 12 5
346.520000 240.120000 239.400000 174.650000 143 190 232
715.770000 236.790000 663.760000 242.070000 199 195 188
1065.360000 234.810000 985.320000 302.600000 125 123 122
1065.360000 234.810000 985.320000 302.600000 125 123 122
726.070000 228.950000 676.220000 235.520000 185 175 155
719.240000 228.870000 668.650000 233.900000 39 34 29
879.800000 227.660000 833.510000 260.270000 22 20 19
585.660000 224.740000 554.030000 187.230000 54 59 63
1031.490000 210.880000 966.810000 272.110000 30 20 15
380.490000 207.000000 285.600000 144.370000 105 174 217
1034.760000 203.590000 969.660000 266.170000 163 153 150
497.750000 199.150000 423.590000 167.400000 81 107 146
883.150000 197.780000 841.050000 231.940000 34 24 9
1031.300000 187.200000 968.270000 249.410000 153 142 144
372.200000 185.600000 280.340000 120.010000 42 105 146
1268.070000 181.340000 1108.820000 298.580000 116 172 200
633.870000 174.260000 583.040000 166.300000 213 215 214
999.840000 171.390000 947.250000 229.030000 95 81 79
1174.950000 169.890000 1055.340000 268.650000 41 37 35
564.970000 167.760000 507.780000 145.280000 192 207 225
731.590000 163.520000 690.390000 171.660000 254 247 236
512.960000 158.560000 450.760000 124.240000 0 46 81
573.830000 157.280000 519.460000 135.860000 193 202 209
716.450000 139.160000 678.010000 146.650000 192 178 166
776.000000 137.310000 739.380000 155.320000 206 222 221
556.950000 136.380000 503.230000 112.290000 54 57 60
1200.770000 128.840000 1067.130000 242.790000 159 157 153
1241.640000 127.900000 1095.960000 248.920000 2 20 36
561.560000 120.230000 512.010000 94.400000 218 230 253
610.080000 110.880000 535.150000 122.440000 252 249 244
841.490000 94.580000 812.340000 125.580000 146 143 120
719.740000 70.530000 689.840000 78.990000 227 220 213
558.110000 52.640000 517.260000 25.460000 250 254 255
942.810000 11.670000 917.810000 68.520000 56 45 47
794.580000 8.940000 774.190000 34.230000 148 154 179
1000.750000 814.960000 953.990000 871.050000 177 162 142
639.350000 743.430000 540.840000 771.990000 235 224 208
609.290000 735.740000 502.650000 760.170000 138 126 115
930.550000 708.080000 849.090000 745.740000 35 17 1
899.430000 704.720000 818.280000 740.110000 154 139 120
1139.030000 681.170000 1028.860000 726.060000 176 162 149
1091.740000 665.970000 987.830000 708.860000 36 20 1
747.520000 666.040000 652.220000 688.850000 241 230 215
705.570000 664.970000 605.570000 685.030000 29 18 7
861.610000 662.740000 769.150000 693.250000 45 30 19
897.550000 608.690000 820.010000 640.550000 6 1 0
952.230000 608.330000 879.820000 644.050000 16 5 2
489.340000 597.870000 360.670000 590.940000 146 136 119
931.440000 589.760000 852.250000 623.730000 34 14 5
411.740000 590.110000 263.730000 572.040000 34 36 21
1197.850000 588.720000 1049.640000 641.220000 81 74 70
348.230000 577.850000 183.210000 552.500000 61 49 43
303.570000 563.880000 123.560000 531.510000 21 20 19
502.220000 561.000000 374.540000 551.830000 95 99 66
1195.900000 557.920000 1050.590000 612.850000 39 30 21
346.730000 557.190000 183.040000 529.420000 149 145 127
881.230000 556.130000 796.100000 585.930000 197 176 166
1191.690000 535.560000 1049.160000 592.450000 47 38 29
1215.840000 528.680000 1063.610000 590.430000 115 105 99
619.840000 528.030000 516.500000 529.820000 42 31 18
619.840000 528.030000 516.500000 529.820000 42 31 18
332.040000 521.410000 169.240000 487.550000 173 157 157
339.910000 516.350000 180.370000 482.920000 181 165 155
246.040000 507.090000 56.450000 457.910000 79 77 86
326.770000 505.060000 165.740000 468.260000 43 34 44
746.990000 494.940000 662.420000 509.490000 50 37 29
836.630000 494.390000 757.220000 518.690000 163 147 127
746.310000 487.700000 662.620000 501.210000 51 36 27
331.880000 481.810000 175.970000 442.670000 151 148 153
745.600000 481.100000 662.890000 494.710000 64 50 37
341.950000 476.990000 190.640000 438.330000 101 90 80
389.000000 461.450000 254.050000 427.460000 87 81 79
296.460000 460.660000 133.480000 412.780000 92 86 95
614.550000 459.170000 520.140000 456.540000 64 57 50
1170.260000 451.270000 1040.970000 514.100000 122 112 107
889.090000 439.330000 819.240000 469.260000 159 144 125
298.050000 439.020000 141.120000 388.960000 14 34 54
902.910000 426.460000 835.370000 458.010000 214 204 186
765.190000 420.790000 690.500000 435.470000 237 228 207
324.120000 420.940000 178.160000 370.590000 36 53 79
327.540000 416.780000 183.200000 365.870000 192 238 249
258.810000 414.070000 91.540000 353.210000 38 75 116
258.810000 414.070000 91.540000 353.210000 38 75 116
1269.060000 406.710000 1092.980000 487.450000 72 69 74
1269.060000 406.710000 1092.980000 487.450000 72 69 74
313.020000 403.820000 168.500000 349.680000 152 202 246
303.090000 402.770000 152.010000 345.530000 25 43 77
450.330000 397.120000 337.930000 368.710000 27 24 28
348.430000 393.590000 212.350000 345.790000 61 63 64
521.660000 390.650000 424.910000 372.450000 40 31 30
256.820000 383.160000 94.860000 313.030000 42 69 100
1092.620000 375.120000 995.760000 434.600000 187 180 174
337.190000 371.910000 204.230000 316.910000 164 215 237
385.880000 371.100000 265.810000 326.850000 187 209 255
919.350000 359.390000 857.160000 394.570000 243 228 210
919.350000 359.390000 857.160000 394.570000 243 228 210
637.990000 358.400000 561.670000 354.000000 16 6 0
429.280000 357.960000 320.770000 321.080000 153 183 231
391.250000 353.670000 275.140000 307.880000 134 193 227
626.840000 347.840000 552.800000 339.220000 45 35 19
1044.410000 343.920000 966.860000 399.310000 109 97 91
497.050000 343.560000 397.480000 320.170000 127 208 248
634.370000 343.100000 560.260000 337.490000 75 59 43
282.800000 332.010000 143.850000 258.070000 140 217 247
400.850000 328.280000 291.230000 284.500000 125 147 172
355.300000 327.950000 236.070000 274.630000 44 60 77
1119.970000 326.080000 1016.280000 395.910000 66 56 51
1272.160000 321.180000 1099.950000 415.850000 100 100 107
497.640000 319.300000 402.340000 295.000000 152 176 207
332.460000 315.180000 209.420000 254.460000 146 183 235
191.410000 301.210000 20.660000 202.670000 61 156 205
810.690000 296.960000 754.880000 317.390000 132 139 136
740.120000 295.080000 681.980000 304.310000 215 211 194
426.910000 269.120000 331.380000 224.800000 74 84 102
423.610000 260.410000 328.720000 215.040000 43 64 95
564.900000 258.520000 494.900000 238.540000 46 44 49
371.980000 255.420000 268.190000 197.420000 57 97 140
896.280000 251.600000 847.750000 285.780000 226 217 194
420.430000 249.640000 326.660000 200.420000 148 194 244
1014.240000 242.870000 952.950000 297.720000 113 98 89
386.720000 241.870000 288.360000 186.320000 147 217 255
386.720000 241.870000 288.360000 186.320000 147 217 255
816.580000 230.090000 759.590000 256.160000 198 186 166
1121.550000 225.470000 1021.600000 304.410000 45 35 32
422.140000 218.050000 334.660000 167.430000 121 180 237
912.180000 212.610000 867.010000 251.170000 28 19 1
912.180000 212.610000 867.010000 251.170000 28 19 1
891.920000 210.860000 848.120000 245.840000 240 236 216
852.840000 208.330000 771.850000 251.310000 198 184 158
900.340000 201.530000 857.220000 236.510000 86 74 66
722.130000 201.540000 675.420000 206.910000 160 149 133
865.180000 200.840000 822.490000 231.810000 215 200 178
428.250000 197.870000 344.980000 148.630000 121 175 228
1220.920000 196.790000 1076.130000 303.630000 81 79 86
879.170000 192.550000 838.060000 226.240000 200 188 166
1017.110000 186.160000 958.290000 248.020000 103 93 90
1024.850000 183.110000 963.220000 246.950000 39 30 31
1171.770000 176.010000 1053.400000 273.110000 122 120 117
844.020000 166.280000 806.550000 193.990000 180 164 162
1212.190000 163.800000 1072.640000 274.820000 70 70 77
1043.140000 164.540000 975.920000 232.540000 31 19 17
967.710000 155.330000 926.510000 206.200000 54 43 36
630.480000 151.460000 583.840000 141.040000 239 227 215
1020.490000 140.620000 961.660000 205.470000 96 84 85
555.970000 123.440000 503.910000 97.550000 30 31 46
546.820000 120.710000 494.920000 93.930000 203 195 198
1014.740000 96.230000 962.030000 165.400000 43 35 28
575.860000 94.720000 530.680000 73.700000 41 41 53
936.010000 80.810000 903.600000 130.420000 172 164 135
724.740000 56.920000 696.850000 65.650000 69 58 48
564.050000 52.290000 524.560000 26.280000 118 116 105
871.240000 46.760000 846.480000 85.330000 143 127 113
723.630000 43.210000 699.430000 50.950000 141 127 114
565.520000 41.000000 527.720000 14.890000 244 250 249
940.960000 32.160000 914.100000 84.790000 144 127 122
816.520000 17.000000 794.870000 45.830000 167 195 216
1008.500000 12.130000 959.020000 91.630000 19 16 21
541.390000 816.420000 430.610000 866.140000 175 164 148
629.920000 746.820000 529.670000 776.110000 241 235 223
625.250000 743.450000 525.390000 771.880000 132 126 112
499.400000 741.660000 371.220000 763.720000 159 159 155
609.090000 735.700000 502.650000 760.170000 138 126 115
600.560000 730.990000 493.770000 755.020000 115 110 100
1022.150000 724.120000 940.260000 766.810000 170 152 134
712.790000 721.340000 619.090000 748.810000 116 97 77
712.790000 721.340000 619.090000 748.810000 116 97 77
997.000000 719.520000 917.590000 759.840000 16 6 4
983.100000 712.030000 900.790000 752.000000 151 141 128
1074.840000 706.460000 982.730000 750.120000 29 19 9
1051.810000 706.540000 960.410000 749.570000 30 18 12
1141.400000 689.900000 1033.750000 735.320000 155 136 123
1026.700000 684.630000 941.130000 726.420000 151 136 123
1254.420000 677.130000 1111.640000 726.730000 41 27 2
970.370000 672.660000 894.540000 711.940000 14 9 3
1089.460000 670.490000 984.870000 713.180000 124 112 105
890.180000 668.950000 813.230000 702.850000 62 62 46
907.250000 668.650000 826.010000 702.820000 32 26 21
693.930000 665.000000 592.110000 681.840000 18 6 1
786.430000 657.920000 689.560000 682.490000 166 153 131
805.680000 654.480000 711.370000 680.630000 52 38 23
969.410000 651.500000 892.860000 689.850000 38 30 15
885.300000 650.200000 809.020000 684.000000 121 109 102
661.640000 649.260000 555.960000 663.110000 59 45 28
877.420000 642.870000 802.290000 674.770000 158 146 134
672.140000 640.130000 567.470000 654.550000 30 19 8
708.460000 633.930000 612.350000 652.120000 199 193 183
910.510000 632.860000 829.610000 666.340000 43 32 22
637.470000 627.330000 532.340000 638.210000 161 151 145
712.570000 623.510000 618.640000 640.780000 21 12 2
925.010000 619.960000 842.990000 654.280000 169 160 149
925.010000 619.960000 842.990000 654.280000 169 160 149
714.240000 619.540000 620.860000 637.030000 211 198 175
925.820000 615.560000 843.500000 649.370000 23 15 2
749.300000 605.410000 656.850000 624.730000 31 25 13
1001.350000 596.450000 919.900000 635.900000 247 247 233
366.180000 596.540000 203.770000 575.970000 248 247 249
354.340000 594.630000 187.590000 573.020000 67 68 82
380.660000 584.570000 223.450000 563.830000 113 109 93
323.110000 583.980000 147.350000 557.180000 225 222 235
415.140000 583.510000 269.040000 567.260000 238 241 218
411.390000 581.830000 264.860000 562.950000 20 25 0
641.170000 578.860000 537.000000 586.110000 190 171 161
360.810000 576.010000 196.920000 554.130000 71 64 53
359.380000 568.620000 198.410000 545.020000 83 79 64
313.860000 568.600000 136.030000 538.650000 111 113 98
462.890000 566.460000 325.890000 553.310000 171 168 163
515.900000 558.350000 386.740000 550.520000 20 20 0
435.290000 557.190000 293.800000 539.670000 10 11 4
1029.140000 548.740000 942.530000 591.270000 214 196 177
1025.970000 545.030000 940.340000 587.210000 108 89 69
318.940000 542.450000 148.070000 509.180000 16 12 23
620.510000 534.130000 516.360000 538.110000 20 15 5
446.720000 533.350000 311.140000 514.940000 40 34 24
1016.670000 533.140000 933.890000 574.900000 135 114 94
463.510000 532.070000 330.310000 517.000000 89 85 85
463.510000 532.070000 330.310000 517.000000 89 85 85
469.300000 529.240000 335.560000 514.590000 10 7 8
214.670000 528.980000 6.930000 477.920000 93 91 92
620.030000 527.790000 516.500000 529.820000 40 29 14
620.030000 527.790000 516.500000 529.820000 40 29 14
505.110000 525.670000 378.150000 514.080000 18 14 12
247.260000 525.630000 53.580000 479.730000 68 66 76
342.530000 520.710000 183.190000 488.360000 68 52 40
339.870000 516.020000 180.370000 482.920000 181 165 155
350.300000 505.250000 196.910000 470.590000 47 35 23
1202.860000 497.150000 1056.870000 558.510000 61 58 51
412.200000 493.520000 280.910000 465.140000 148 142 134
341.930000 493.000000 188.320000 454.770000 92 81 72
314.150000 482.360000 152.570000 440.630000 94 90 101
326.980000 481.800000 169.660000 442.670000 49 45 55
219.100000 476.890000 23.340000 418.320000 72 69 86
582.810000 475.090000 482.770000 468.700000 245 236 213
246.720000 474.850000 63.550000 421.190000 73 71 80
255.370000 473.460000 75.620000 420.750000 87 86 88
744.150000 472.330000 662.900000 485.740000 55 40 25
744.150000 472.330000 662.900000 485.740000 55 40 25
243.410000 471.860000 59.290000 417.160000 36 34 43
335.550000 471.410000 183.070000 431.460000 121 113 114
330.990000 470.370000 177.550000 428.940000 148 145 158
1028.770000 467.850000 951.090000 512.850000 44 33 25
731.210000 465.690000 649.900000 477.400000 251 232 221
751.080000 461.380000 670.880000 475.280000 247 236 222
419.510000 458.250000 292.890000 430.490000 40 36 22
340.580000 451.390000 193.420000 410.150000 72 71 65
346.520000 450.830000 201.280000 409.110000 163 159 157
837.810000 450.090000 764.250000 473.730000 132 123 102
734.710000 448.840000 654.650000 460.420000 176 164 153
255.440000 445.730000 80.700000 387.450000 93 94 103
307.840000 445.050000 150.750000 398.210000 13 31 54
868.790000 442.730000 798.070000 470.090000 171 160 139
272.980000 440.790000 107.440000 386.290000 228 255 255
880.360000 439.980000 810.830000 469.150000 165 152 130
298.800000 438.540000 141.120000 388.960000 1 23 44
856.050000 436.650000 769.510000 464.460000 234 225 202
1172.870000 433.960000 1043.320000 498.810000 33 26 20
868.950000 433.720000 797.660000 461.360000 232 224 201
1029.070000 429.740000 953.500000 475.980000 91 79 69
457.810000 425.510000 340.210000 401.310000 92 87 91
463.940000 420.440000 348.010000 397.120000 94 93 106
313.720000 416.040000 165.490000 363.600000 149 233 252
319.330000 409.740000 175.260000 357.620000 153 239 255
777.310000 409.640000 705.150000 425.860000 42 39 34
479.340000 407.540000 368.510000 385.480000 43 44 58
334.850000 404.560000 194.310000 354.520000 200 239 249
479.640000 402.710000 370.480000 380.490000 97 98 110
744.630000 400.180000 671.860000 412.220000 188 177 167
287.860000 399.340000 133.050000 337.960000 151 208 221
604.120000 396.650000 518.590000 388.880000 152 153 155
573.090000 393.680000 484.190000 381.630000 29 23 15
1131.240000 388.620000 1019.720000 451.580000 54 43 30
1126.900000 384.590000 1016.830000 448.930000 167 156 142
572.500000 379.980000 485.310000 366.690000 33 22 11
430.240000 378.790000 318.160000 343.890000 153 151 138
315.880000 378.220000 176.540000 319.280000 120 195 243
914.460000 377.940000 850.790000 411.930000 229 221 204
236.460000 377.640000 68.030000 302.400000 30 103 133
418.800000 373.850000 304.800000 338.950000 167 207 229
322.580000 373.240000 188.030000 315.010000 15 51 94
1064.830000 372.310000 977.650000 427.370000 36 24 17
429.570000 372.120000 318.050000 337.390000 191 189 188
460.970000 371.880000 352.960000 343.710000 21 51 71
907.020000 365.930000 843.150000 398.960000 252 245 233
352.170000 365.890000 225.800000 314.230000 161 206 237
902.030000 364.810000 838.730000 397.730000 53 60 53
392.330000 364.630000 273.810000 322.750000 30 74 134
438.180000 363.510000 329.980000 328.910000 169 205 245
438.180000 363.510000 329.980000 328.910000 169 205 245
433.500000 362.790000 325.130000 327.930000 34 73 113
433.500000 362.790000 325.130000 327.930000 34 73 113
621.240000 350.190000 543.580000 343.490000 41 33 14
393.910000 347.810000 280.060000 302.240000 164 214 249
627.240000 347.360000 552.800000 339.220000 35 25 9
264.760000 328.780000 119.330000 249.990000 78 150 196
767.990000 318.740000 706.700000 332.920000 37 41 44
787.490000 312.730000 729.470000 328.990000 138 157 180
421.840000 313.140000 318.660000 272.170000 134 151 160
357.200000 312.540000 240.200000 258.190000 170 186 197
733.790000 310.870000 672.550000 318.770000 171 162 151
437.730000 308.820000 336.780000 271.050000 166 181 212
907.400000 305.150000 851.740000 339.590000 202 192 176
467.860000 300.000000 373.510000 267.610000 129 147 168
765.320000 296.220000 706.780000 310.240000 19 21 29
740.050000 295.440000 681.990000 304.510000 215 211 194
1070.780000 285.300000 985.200000 351.710000 74 76 74
748.030000 285.390000 691.110000 295.580000 111 112 104
506.680000 285.520000 420.300000 260.470000 151 194 245
738.750000 282.620000 681.910000 290.950000 214 206 191
590.670000 282.870000 519.430000 270.100000 35 32 33
260.150000 279.950000 119.790000 194.820000 63 94 127
504.250000 274.310000 418.130000 248.430000 61 123 167
1068.010000 271.310000 984.270000 336.710000 70 70 68
1063.710000 269.950000 980.910000 334.450000 121 120 124
691.380000 269.190000 633.050000 271.130000 188 176 166
757.240000 265.400000 703.420000 277.700000 221 212 189
899.210000 258.540000 848.710000 293.420000 207 197 176
1259.790000 252.460000 1098.560000 355.780000 26 28 34
1089.410000 252.190000 999.480000 322.780000 18 11 10
329.220000 247.860000 215.320000 176.840000 34 77 121
1094.760000 245.500000 1004.260000 318.740000 30 23 22
458.140000 243.620000 371.960000 204.340000 72 118 162
304.140000 243.370000 183.960000 165.890000 142 217 255
1057.770000 240.530000 978.910000 306.700000 127 127 136
880.500000 240.470000 832.590000 271.650000 239 247 255
323.290000 239.400000 210.110000 166.240000 151 208 253
407.050000 237.380000 313.430000 185.230000 19 61 105
900.830000 235.050000 853.470000 270.770000 237 221 207
410.270000 235.010000 316.370000 183.650000 124 190 238
289.800000 234.520000 165.710000 152.480000 80 176 218
425.660000 228.310000 337.300000 180.480000 28 98 155
630.680000 225.970000 538.070000 238.560000 224 252 255
591.210000 224.790000 501.330000 227.650000 177 200 222
638.580000 221.170000 582.560000 212.670000 230 236 238
605.090000 221.670000 545.690000 207.620000 190 200 217
325.820000 220.350000 217.120000 146.870000 139 218 255
589.840000 217.600000 528.630000 200.920000 156 173 192
316.990000 215.370000 207.870000 139.820000 116 201 247
891.780000 211.000000 848.120000 245.840000 231 227 207
722.740000 206.990000 675.200000 213.220000 159 148 131
346.610000 205.640000 245.650000 135.390000 66 124 168
906.080000 204.440000 861.920000 242.310000 220 208 192
985.850000 202.170000 935.320000 254.050000 98 83 74
600.450000 200.910000 512.420000 206.980000 37 33 33
365.920000 200.860000 270.420000 135.410000 118 197 236
374.510000 199.690000 281.780000 137.070000 62 132 180
349.060000 198.760000 249.630000 128.810000 132 216 255
428.290000 197.810000 344.980000 148.630000 121 175 228
888.280000 195.820000 846.460000 230.070000 234 223 207
323.580000 195.650000 218.280000 118.680000 61 124 174
898.210000 189.820000 856.250000 226.510000 81 68 48
898.210000 189.820000 856.250000 226.510000 81 68 48
634.290000 185.990000 581.990000 176.150000 222 235 233
604.470000 184.950000 518.550000 192.710000 94 86 73
621.260000 179.080000 570.920000 166.080000 11 18 40
314.450000 176.880000 209.560000 93.850000 59 122 173
308.590000 177.120000 202.530000 92.250000 149 194 247
801.780000 175.450000 761.940000 195.910000 210 195 176
1064.820000 174.380000 989.820000 248.270000 101 89 87
734.610000 172.870000 692.710000 181.280000 236 228 207
629.810000 170.270000 579.880000 159.780000 48 41 45
410.860000 166.860000 329.360000 110.710000 56 138 189
410.860000 166.860000 329.360000 110.710000 56 138 189
392.480000 166.750000 307.420000 106.030000 48 111 164
392.480000 166.750000 307.420000 106.030000 48 111 164
356.160000 166.590000 264.310000 95.060000 143 216 255
274.580000 164.790000 159.940000 66.680000 76 146 192
396.350000 161.870000 313.240000 101.450000 122 189 245
618.440000 158.260000 570.640000 144.780000 123 111 99
716.350000 154.790000 675.900000 161.450000 193 182 174
510.910000 152.470000 449.840000 117.240000 109 192 234
635.530000 151.530000 589.100000 142.280000 147 133 121
577.320000 150.400000 524.690000 130.120000 79 85 87
724.700000 143.990000 685.980000 151.030000 152 142 130
346.580000 139.340000 255.820000 60.830000 80 129 177
725.400000 136.770000 687.580000 144.490000 151 143 132
1131.450000 134.560000 1031.610000 227.880000 41 34 33
895.760000 125.350000 861.770000 164.290000 16 13 7
416.090000 125.180000 343.070000 66.140000 135 184 234
571.380000 119.710000 522.310000 97.240000 211 228 241
723.120000 116.970000 687.940000 122.950000 150 141 128
546.080000 105.250000 496.950000 75.790000 44 33 24
902.500000 105.170000 870.060000 146.410000 199 189 168
910.000000 99.650000 877.780000 143.020000 208 198 177
962.710000 97.370000 926.330000 152.200000 93 85 87
951.350000 91.240000 918.520000 142.620000 177 164 175
743.480000 87.450000 711.730000 99.840000 203 228 236
739.040000 86.840000 707.650000 97.970000 24 31 31
942.390000 76.670000 910.940000 127.400000 199 190 166
545.680000 75.440000 500.750000 47.560000 219 213 203
511.700000 74.980000 461.570000 38.920000 98 115 140
541.270000 74.400000 495.630000 44.940000 139 128 118
758.590000 72.360000 728.920000 88.830000 225 253 255
872.940000 71.090000 845.290000 108.770000 205 184 170
696.120000 68.650000 666.020000 70.600000 255 250 241
781.570000 50.280000 756.490000 70.590000 227 236 244
781.570000 50.280000 756.490000 70.590000 227 236 244
918.410000 44.280000 891.810000 93.470000 201 181 168
916.990000 36.040000 891.340000 84.420000 194 174 159
873.420000 28.670000 850.180000 69.350000 201 185 173
881.510000 25.930000 858.220000 68.510000 192 175 164
814.020000 24.920000 752.770000 77.490000 129 157 178
862.710000 24.230000 840.560000 62.780000 244 233 224
862.710000 24.230000 840.560000 62.780000 244 233 224
582.340000 22.180000 520.410000 30.050000 119 120 106
930.830000 13.630000 906.860000 66.750000 204 192 187
1008.520000 12.140000 959.020000 91.630000 19 16 21
1047.260000 11.720000 986.150000 102.140000 51 44 45
930.200000 4.920000 906.870000 58.620000 202 189 184
762.670000 853.540000 713.310000 919.960000 104 87 69
582.980000 850.430000 491.170000 915.870000 109 96 76
840.190000 849.920000 800.580000 915.030000 72 56 42
472.060000 843.710000 341.000000 905.880000 172 158 143
691.430000 839.070000 624.630000 899.430000 100 81 63
694.440000 831.650000 626.760000 889.180000 96 78 60
762.200000 792.260000 694.160000 839.130000 127 107 92
353.650000 791.270000 170.010000 828.200000 189 179 169
353.650000 791.270000 170.010000 828.200000 189 179 169
572.960000 785.190000 466.700000 823.350000 120 101 86
952.300000 775.470000 891.570000 822.510000 104 86 68
608.540000 756.440000 507.680000 786.480000 131 121 107
641.090000 739.890000 542.020000 767.520000 124 111 92
990.620000 736.220000 915.900000 779.230000 120 105 84
530.050000 728.110000 408.550000 747.380000 181 165 153
712.600000 725.610000 620.250000 753.910000 175 156 136
979.390000 723.090000 900.370000 763.950000 156 142 129
1049.170000 714.320000 963.200000 757.510000 42 25 13
895.230000 713.250000 814.380000 749.520000 158 139 126
1034.890000 712.910000 948.400000 755.120000 91 77 64
945.430000 710.460000 862.840000 749.090000 147 131 115
994.930000 708.380000 914.480000 749.670000 63 50 50
916.990000 707.820000 834.760000 743.890000 142 125 99
913.070000 706.150000 831.320000 742.030000 50 34 12
913.070000 706.150000 831.320000 742.030000 50 34 12
906.510000 702.760000 824.330000 738.880000 59 44 22
532.430000 695.080000 412.540000 708.220000 119 107 97
1089.110000 694.610000 991.370000 738.140000 125 113 108
750.740000 687.820000 656.560000 713.090000 169 152 132
750.740000 687.820000 656.560000 713.090000 169 152 132
903.490000 686.890000 822.030000 721.460000 57 52 39
842.750000 684.760000 753.870000 715.440000 100 82 63
977.660000 678.380000 902.020000 718.110000 73 67 61
823.740000 678.750000 734.270000 707.540000 222 209 186
823.740000 678.750000 734.270000 707.540000 222 209 186
1016.810000 678.170000 933.050000 719.340000 88 77 77
829.850000 677.330000 741.170000 706.310000 176 161 141
866.920000 675.620000 791.560000 708.320000 148 130 117
965.740000 673.520000 890.240000 712.280000 141 134 128
1112.580000 669.770000 1006.590000 714.120000 117 96 87
765.100000 669.290000 669.950000 693.330000 224 216 201
705.400000 669.650000 606.420000 689.530000 133 123 109
972.560000 669.180000 896.990000 708.850000 148 142 128
752.490000 669.190000 656.730000 692.460000 56 48 32
880.320000 668.570000 802.150000 701.720000 238 234 216
736.490000 667.020000 639.740000 688.680000 71 57 40
734.340000 663.990000 637.800000 685.510000 165 151 134
730.280000 663.140000 631.910000 684.270000 196 182 167
713.010000 661.300000 613.460000 681.430000 172 158 145
861.030000 660.730000 768.240000 690.890000 39 27 15
786.100000 657.930000 689.560000 682.490000 166 153 131
969.330000 657.520000 891.890000 697.750000 84 74 55
738.790000 657.790000 640.520000 678.920000 163 149 132
817.250000 655.500000 722.140000 681.820000 237 225 213
703.930000 654.560000 605.780000 673.060000 67 58 46
973.820000 651.420000 897.140000 690.120000 158 148 143
706.000000 648.250000 609.190000 666.700000 32 28 12
707.570000 644.700000 610.980000 663.370000 146 141 130
908.890000 636.620000 828.250000 669.640000 244 240 233
873.230000 636.510000 798.730000 669.210000 175 160 145
657.670000 631.030000 552.340000 642.910000 51 40 28
425.950000 631.160000 278.420000 622.670000 139 128 118
882.020000 630.670000 806.810000 662.450000 95 80 69
733.900000 627.730000 638.360000 647.100000 168 155 135
412.370000 624.250000 261.780000 613.280000 134 125 112
865.580000 622.500000 777.750000 652.620000 121 112 88
862.730000 619.230000 775.230000 648.800000 245 237 216
1050.810000 618.040000 955.380000 660.590000 82 62 54
1044.200000 611.260000 949.860000 653.400000 113 93 83
380.230000 610.140000 219.380000 592.860000 94 93 96
536.660000 607.450000 412.810000 606.240000 70 58 50
550.400000 606.090000 429.150000 605.280000 73 63 45
550.400000 606.090000 429.150000 605.280000 73 63 45
1036.470000 605.080000 943.500000 646.610000 84 67 41
1051.290000 604.640000 955.910000 647.130000 64 44 37
660.250000 603.380000 559.400000 613.070000 40 19 7
523.200000 600.580000 397.060000 596.210000 147 141 131
1042.330000 598.720000 949.010000 640.910000 123 104 91
932.430000 597.000000 852.870000 631.780000 67 55 45
416.770000 596.700000 267.860000 581.760000 54 68 22
408.500000 596.410000 258.410000 581.080000 234 242 213
1045.810000 596.180000 953.450000 638.680000 183 165 156
424.180000 593.990000 276.970000 579.530000 130 143 97
1058.090000 592.670000 962.030000 636.520000 104 87 81
717.400000 592.480000 627.680000 607.990000 28 17 7
906.300000 591.390000 828.080000 623.310000 21 14 4
596.010000 591.320000 486.930000 594.770000 34 17 11
1059.990000 589.050000 963.830000 632.610000 61 44 37
592.610000 588.200000 484.900000 591.370000 184 165 150
369.250000 586.310000 208.190000 564.600000 112 107 93
326.730000 586.380000 152.160000 560.820000 42 41 54
964.620000 586.060000 875.890000 622.560000 117 94 68
1053.720000 584.520000 959.510000 628.000000 43 26 18
1156.850000 584.040000 1025.780000 634.070000 182 170 165
467.630000 582.240000 326.070000 571.600000 88 102 54
514.600000 581.340000 390.420000 574.320000 141 158 117
1040.510000 581.070000 721.040000 622.520000 102 85 77
387.100000 580.590000 232.370000 560.400000 182 183 157
342.980000 579.050000 175.620000 553.790000 139 128 123
414.730000 576.950000 269.250000 559.320000 113 125 71
1031.590000 575.060000 942.030000 617.050000 108 88 73
990.180000 572.750000 901.680000 611.500000 201 182 156
1027.410000 572.450000 938.780000 614.150000 188 169 151
312.160000 572.470000 135.180000 543.150000 183 180 179
347.020000 571.930000 180.810000 545.840000 49 38 28
989.940000 569.310000 902.860000 608.360000 102 82 59
1037.620000 568.900000 948.600000 611.690000 114 98 84
1029.920000 569.200000 941.410000 610.970000 116 97 77
1029.920000 569.200000 941.410000 610.970000 116 97 77
449.610000 568.160000 309.880000 553.580000 31 40 4
1026.160000 563.000000 937.830000 604.820000 109 86 62
1021.810000 560.950000 934.090000 602.020000 202 179 154
1011.280000 559.860000 924.780000 600.310000 211 191 169
327.340000 558.280000 156.680000 528.170000 29 23 34
1035.730000 556.970000 948.780000 599.780000 117 99 88
1014.950000 557.210000 928.450000 598.640000 122 99 73
443.070000 557.170000 303.880000 541.940000 22 21 8
1028.900000 556.740000 941.350000 599.120000 127 106 86
922.450000 554.390000 836.780000 587.540000 117 94 70
837.800000 553.470000 748.450000 579.000000 149 157 153
998.170000 551.770000 912.500000 591.640000 101 78 56
998.170000 551.770000 912.500000 591.640000 101 78 56
337.090000 550.830000 171.120000 520.270000 91 85 73
957.110000 547.930000 873.610000 584.400000 121 98 74
1013.250000 545.390000 928.010000 586.450000 109 86 64
1033.530000 543.910000 947.210000 586.820000 107 91 78
306.440000 540.380000 131.830000 505.360000 83 79 90
444.050000 539.340000 307.240000 521.450000 117 111 104
401.350000 539.640000 254.740000 517.430000 67 65 66
1101.500000 538.450000 994.300000 587.640000 64 52 47
1073.580000 537.520000 975.480000 584.570000 38 25 18
432.180000 535.270000 291.900000 516.450000 86 80 74
905.050000 534.740000 822.470000 566.450000 110 81 57
905.050000 534.740000 822.470000 566.450000 110 81 57
940.050000 532.430000 858.060000 567.410000 101 81 54
1032.120000 532.210000 946.540000 575.230000 100 86 71
439.510000 531.840000 304.000000 512.960000 10 5 0
1049.450000 529.580000 960.660000 574.730000 56 41 30
875.840000 525.420000 793.850000 553.870000 169 156 137
613.370000 524.630000 510.740000 524.830000 186 176 157
1090.770000 523.010000 988.490000 572.540000 57 47 33
437.690000 520.930000 303.610000 499.990000 15 10 3
968.070000 519.330000 887.040000 556.790000 118 97 77
1006.640000 516.270000 925.160000 557.880000 120 97 75
1006.640000 516.270000 925.160000 557.880000 120 97 75
1011.040000 516.090000 929.140000 557.860000 119 97 75
856.990000 513.970000 773.950000 540.520000 69 67 63
331.620000 513.670000 169.900000 478.880000 168 154 159
1014.210000 513.790000 932.390000 555.900000 202 181 161
327.850000 513.370000 165.970000 477.100000 43 32 41
1050.780000 512.130000 877.900000 562.040000 79 64 53
243.770000 510.670000 51.190000 462.150000 10 8 17
1021.070000 509.470000 939.650000 552.140000 109 90 72
348.100000 508.880000 193.600000 473.410000 184 170 157
1034.510000 508.490000 951.960000 552.670000 62 47 36
1028.500000 508.680000 946.490000 552.200000 100 86 73
973.470000 505.740000 894.650000 544.240000 194 175 154
1031.180000 505.580000 949.830000 549.650000 169 154 143
499.040000 505.560000 373.330000 493.110000 72 70 67
1009.360000 504.880000 929.710000 546.780000 103 82 62
1016.410000 504.020000 935.250000 546.620000 102 83 62
1058.390000 502.700000 949.830000 549.650000 116 104 94
1012.610000 501.940000 931.910000 544.070000 156 137 116
1003.050000 502.220000 923.420000 543.450000 185 162 140
979.470000 502.180000 901.120000 541.120000 97 80 56
931.440000 502.070000 852.840000 536.380000 105 82 58
1090.280000 499.830000 988.410000 549.940000 121 110 100
1051.870000 495.060000 964.760000 541.570000 44 33 21
327.000000 495.020000 167.790000 457.120000 50 44 54
403.870000 493.310000 270.600000 464.100000 187 181 175
938.200000 493.010000 861.610000 528.010000 213 190 167
1020.460000 492.350000 940.240000 535.540000 91 73 55
978.700000 491.390000 901.110000 530.420000 99 80 60
323.250000 491.720000 162.970000 452.950000 95 91 102
1022.260000 489.040000 943.010000 532.710000 203 188 173
938.800000 480.040000 862.820000 515.100000 122 104 82
223.860000 479.550000 30.170000 422.070000 14 11 28
315.430000 478.450000 154.760000 436.070000 28 24 35
1067.140000 478.020000 975.440000 526.850000 33 23 17
270.560000 477.610000 95.510000 427.570000 69 65 73
270.560000 477.610000 95.510000 427.570000 69 65 73
433.630000 476.980000 305.640000 451.930000 47 42 32
1036.600000 475.950000 956.100000 521.990000 85 75 69
363.030000 474.990000 217.240000 438.790000 42 33 38
460.360000 474.390000 335.210000 454.440000 104 100 98
338.850000 473.900000 186.550000 434.780000 175 163 158
491.020000 472.860000 370.650000 457.270000 80 77 79
1062.010000 472.750000 981.990000 522.590000 30 20 14
583.960000 470.870000 484.390000 464.530000 89 84 64
326.770000 470.330000 171.900000 428.760000 36 33 50
478.740000 467.280000 357.000000 449.020000 24 23 27
1024.770000 464.790000 947.530000 509.260000 142 131 121
766.710000 464.780000 698.750000 479.720000 163 153 135
1021.140000 461.800000 944.340000 506.120000 93 78 67
1021.140000 461.800000 944.340000 506.120000 93 78 67
326.980000 461.690000 173.670000 421.360000 73 72 97
230.180000 460.740000 42.670000 401.190000 26 24 29
923.750000 457.710000 850.570000 491.580000 192 178 159
346.830000 457.350000 201.530000 415.690000 168 162 155
1020.220000 455.980000 945.010000 500.430000 98 81 71
899.800000 455.300000 827.840000 486.330000 109 99 78
819.260000 453.250000 744.530000 475.430000 181 171 150
337.060000 453.650000 188.950000 410.240000 146 141 143
329.650000 453.470000 178.800000 410.030000 126 127 141
1015.210000 453.090000 940.120000 497.220000 173 157 143
922.150000 451.030000 850.860000 484.810000 97 82 63
462.320000 451.100000 341.310000 429.040000 37 32 36
820.550000 449.430000 747.300000 471.420000 55 46 25
372.770000 448.950000 236.110000 411.530000 74 70 67
459.760000 448.220000 338.500000 425.390000 88 84 86
418.080000 445.240000 291.940000 413.930000 127 124 119
428.230000 441.110000 305.190000 410.730000 146 143 136
428.230000 441.110000 305.190000 410.730000 146 143 136
337.470000 440.350000 191.560000 396.590000 166 170 160
980.060000 439.850000 908.630000 480.460000 111 96 75
355.960000 434.940000 215.830000 392.780000 43 36 35
924.620000 434.530000 853.680000 468.730000 86 75 57
924.620000 434.530000 853.680000 468.730000 86 75 57
428.050000 433.580000 306.150000 402.970000 192 189 182
247.830000 431.490000 73.160000 369.150000 84 81 103
251.500000 430.460000 78.240000 370.050000 32 31 59
383.110000 422.990000 253.550000 383.790000 103 96 95
1012.310000 422.130000 941.300000 466.840000 100 89 71
493.530000 420.710000 380.520000 401.160000 96 102 128
477.660000 420.420000 363.940000 398.660000 90 97 111
318.790000 419.720000 171.760000 368.130000 181 233 255
895.270000 417.270000 827.730000 448.000000 98 82 63
346.340000 417.680000 206.900000 373.050000 166 159 154
350.120000 416.330000 211.510000 371.550000 45 38 34
301.120000 414.110000 149.980000 358.570000 77 176 211
1015.460000 412.790000 945.370000 458.220000 138 130 116
583.570000 403.810000 493.550000 393.850000 17 15 14
987.450000 401.660000 919.060000 444.290000 92 82 59
571.250000 400.150000 481.680000 387.930000 141 132 118
965.130000 399.560000 897.430000 439.590000 112 94 73
319.030000 398.270000 176.440000 343.720000 1 33 76
319.030000 398.270000 176.440000 343.720000 1 33 76
301.240000 398.470000 152.960000 340.190000 144 174 194
336.040000 397.520000 198.060000 346.740000 187 235 239
983.660000 394.970000 915.710000 437.230000 127 109 85
833.200000 394.780000 766.000000 417.750000 75 70 58
833.200000 394.780000 766.000000 417.750000 75 70 58
1019.030000 394.420000 947.760000 441.610000 156 148 142
925.430000 394.150000 859.110000 429.400000 90 70 47
263.390000 392.650000 102.320000 326.050000 62 91 125
1002.300000 390.550000 933.820000 435.130000 117 105 88
824.510000 389.790000 758.420000 411.540000 93 103 88
966.200000 388.340000 900.270000 428.630000 99 77 49
522.710000 387.610000 427.090000 367.900000 41 31 28
621.650000 387.470000 538.600000 382.140000 154 153 155
845.750000 384.720000 778.760000 410.620000 141 147 143
648.550000 384.680000 569.620000 382.700000 187 168 153
977.420000 383.460000 911.060000 424.870000 200 177 151
912.810000 382.220000 847.110000 415.600000 109 100 79
236.060000 381.610000 66.620000 306.320000 154 228 252
867.550000 381.010000 800.900000 409.130000 98 103 102
631.300000 378.870000 551.150000 374.720000 53 47 40
247.090000 376.320000 83.010000 303.690000 185 222 248
574.860000 374.640000 489.880000 360.980000 181 165 153
630.580000 371.570000 551.280000 366.940000 60 57 49
365.230000 371.640000 240.240000 322.950000 169 179 193
252.310000 370.860000 91.870000 297.590000 152 172 208
903.690000 369.920000 840.010000 402.930000 114 115 106
903.690000 369.920000 840.010000 402.930000 114 115 106
914.100000 369.220000 850.880000 403.360000 213 203 187
975.460000 366.340000 910.770000 408.500000 197 176 156
323.140000 366.670000 189.540000 308.140000 57 99 133
474.890000 366.030000 369.710000 340.010000 131 209 230
912.530000 364.950000 849.540000 398.990000 238 228 212
1128.560000 364.640000 1019.570000 431.120000 70 55 46
496.060000 362.860000 395.630000 340.560000 123 208 254
479.530000 360.830000 376.930000 334.140000 140 205 234
471.860000 359.570000 368.180000 332.030000 111 207 243
959.720000 358.040000 895.350000 398.880000 102 84 60
663.150000 356.170000 589.660000 354.830000 180 161 143
470.220000 356.100000 366.460000 328.360000 16 92 143
631.870000 355.570000 555.820000 349.560000 167 161 149
989.800000 354.660000 926.110000 398.840000 102 84 64
996.510000 352.620000 932.390000 397.550000 105 91 74
996.510000 352.620000 932.390000 397.550000 105 91 74
937.810000 351.960000 876.380000 389.570000 171 156 131
439.050000 351.290000 333.510000 315.060000 13 42 79
429.120000 350.120000 321.160000 311.400000 163 183 211
353.540000 348.750000 229.430000 296.000000 147 159 166
439.840000 347.810000 336.210000 311.300000 127 156 206
624.590000 344.580000 548.940000 337.380000 178 164 147
491.340000 343.870000 392.200000 319.490000 30 74 122
461.050000 343.100000 361.960000 309.640000 132 166 214
818.700000 341.250000 757.640000 363.190000 118 133 152
629.310000 341.460000 555.060000 334.980000 187 174 154
331.590000 340.980000 203.920000 283.170000 159 200 229
920.170000 338.770000 860.100000 374.550000 115 100 82
479.040000 337.680000 377.910000 310.970000 30 70 116
633.230000 334.440000 559.730000 328.630000 138 123 102
995.930000 332.340000 934.350000 378.310000 162 150 142
851.070000 331.450000 789.460000 358.120000 191 220 241
746.610000 326.820000 684.040000 338.040000 224 216 193
914.780000 325.520000 856.710000 361.120000 124 114 98
373.490000 325.440000 259.730000 273.830000 149 190 236
976.730000 322.440000 916.540000 366.360000 175 157 136
435.040000 318.750000 331.460000 281.320000 129 132 143
425.540000 312.930000 322.950000 271.600000 49 61 64
558.380000 308.900000 479.940000 290.320000 224 215 202
488.290000 305.790000 395.240000 279.620000 72 118 158
738.460000 303.760000 678.520000 313.850000 194 187 166
749.850000 303.750000 690.940000 314.240000 167 163 163
749.850000 303.750000 690.940000 314.240000 167 163 163
472.250000 303.620000 379.030000 271.640000 21 55 107
945.990000 303.260000 890.330000 343.410000 103 88 66
241.020000 302.070000 90.920000 214.830000 52 118 166
747.420000 301.100000 688.340000 311.780000 20 16 16
502.840000 301.020000 411.280000 277.080000 129 185 229
738.340000 300.170000 678.930000 309.380000 24 18 1
273.610000 300.030000 133.980000 220.960000 21 74 118
427.090000 299.480000 327.590000 257.150000 31 43 61
910.820000 296.840000 856.200000 332.370000 103 96 74
945.890000 295.620000 890.370000 336.300000 180 162 141
635.360000 293.420000 583.790000 279.340000 181 162 146
467.560000 292.500000 373.380000 259.320000 159 177 208
756.310000 289.960000 698.380000 300.570000 99 95 96
962.580000 289.240000 907.090000 331.990000 195 176 155
829.300000 288.630000 773.780000 312.110000 28 37 36
780.470000 287.980000 734.210000 301.510000 107 127 169
785.920000 285.480000 734.210000 301.510000 108 129 172
752.120000 284.760000 695.220000 295.760000 18 17 11
774.040000 283.980000 725.840000 296.430000 18 21 40
190.380000 284.070000 22.300000 183.360000 84 197 227
990.400000 281.800000 934.560000 329.600000 56 44 36
827.840000 282.170000 773.640000 304.830000 54 57 54
794.310000 282.020000 740.920000 299.440000 115 135 171
652.860000 281.060000 589.870000 276.430000 183 171 150
604.360000 278.960000 534.590000 266.890000 162 183 186
601.380000 276.390000 532.580000 263.920000 54 87 101
601.380000 276.390000 532.580000 263.920000 54 87 101
796.330000 275.570000 741.780000 294.590000 132 147 188
291.030000 273.090000 162.290000 196.800000 175 192 214
978.030000 272.100000 923.590000 318.120000 208 195 175
430.520000 271.100000 335.570000 228.220000 138 150 173
251.860000 271.080000 109.870000 183.550000 32 113 156
446.570000 270.610000 354.120000 231.550000 117 135 170
975.220000 269.890000 921.080000 315.810000 124 112 91
751.800000 269.320000 718.340000 272.400000 230 221 200
965.760000 265.160000 913.370000 309.220000 204 187 160
619.490000 265.620000 555.300000 254.960000 198 200 192
939.430000 264.550000 888.080000 304.850000 127 109 83
457.500000 259.010000 368.020000 220.810000 161 194 235
355.980000 258.950000 248.230000 198.410000 91 136 177
1088.270000 258.270000 997.400000 328.700000 111 104 103
885.980000 257.710000 835.950000 290.350000 127 127 113
1137.210000 257.160000 1031.540000 337.350000 113 106 100
710.900000 255.530000 656.150000 259.870000 156 148 148
883.550000 255.030000 833.150000 287.470000 251 250 243
810.840000 255.210000 760.130000 277.230000 159 155 157
733.650000 252.450000 681.020000 260.610000 185 169 151
272.500000 252.310000 142.380000 167.990000 156 216 252
902.460000 250.760000 853.710000 286.330000 134 124 103
1062.660000 245.250000 981.930000 310.420000 73 72 73
1062.660000 245.250000 981.930000 310.420000 73 72 73
470.550000 245.630000 385.550000 210.120000 71 117 162
726.380000 244.270000 674.110000 251.210000 182 173 169
299.570000 243.650000 178.350000 164.900000 90 146 192
320.090000 241.910000 206.170000 168.640000 34 106 151
320.090000 241.910000 206.170000 168.640000 34 106 151
1096.620000 241.060000 1006.350000 315.110000 71 64 63
340.940000 238.650000 232.710000 171.240000 67 127 173
879.100000 236.550000 829.260000 269.680000 66 80 102
282.850000 235.750000 156.620000 152.040000 143 221 255
557.550000 235.390000 489.700000 213.460000 96 87 74
1055.740000 233.090000 978.600000 300.050000 67 62 66
284.450000 231.550000 160.120000 147.230000 119 212 252
301.560000 230.940000 183.410000 150.620000 126 219 255
484.260000 229.470000 403.550000 196.440000 25 74 125
484.260000 229.470000 403.550000 196.440000 25 74 125
356.280000 229.710000 253.480000 164.870000 139 171 221
304.610000 229.290000 187.990000 150.160000 8 84 137
620.950000 227.460000 528.310000 237.360000 134 164 184
889.170000 227.090000 843.310000 262.080000 236 231 216
300.680000 226.280000 182.310000 143.980000 21 84 141
576.430000 225.300000 544.030000 185.080000 39 39 32
340.320000 225.190000 232.740000 155.280000 162 211 251
891.960000 223.070000 845.960000 258.040000 60 55 41
321.530000 220.610000 211.040000 144.110000 23 93 148
880.210000 219.420000 834.330000 252.460000 41 38 30
910.770000 218.230000 864.900000 256.070000 173 168 150
477.470000 218.080000 397.980000 182.800000 156 192 224
472.570000 218.130000 391.230000 182.050000 135 189 233
575.970000 215.190000 513.830000 195.930000 114 105 92
480.620000 215.590000 401.590000 180.350000 65 100 132
383.240000 215.700000 289.340000 155.080000 152 178 225
640.470000 215.060000 585.420000 208.690000 133 131 133
722.910000 214.430000 674.610000 220.920000 158 144 133
378.930000 214.140000 283.140000 153.890000 85 126 173
895.420000 213.710000 850.340000 249.250000 50 47 22
884.850000 213.800000 839.340000 249.030000 151 146 135
961.650000 212.840000 914.650000 259.880000 198 185 165
579.370000 211.530000 518.550000 192.710000 87 77 63
882.910000 210.400000 838.750000 243.780000 39 35 26
326.500000 210.150000 219.600000 134.300000 147 206 254
429.060000 208.670000 344.280000 160.830000 39 113 171
322.620000 207.480000 215.290000 130.570000 9 69 120
894.130000 206.790000 850.700000 242.050000 145 138 126
894.130000 206.790000 850.700000 242.050000 145 138 126
1028.420000 206.210000 964.730000 267.870000 144 134 128
974.810000 205.450000 927.980000 254.620000 90 78 68
369.670000 205.510000 273.190000 142.420000 63 133 178
895.950000 202.560000 853.180000 238.280000 173 161 156
746.370000 201.110000 701.240000 211.090000 204 190 170
388.470000 201.150000 297.240000 141.390000 148 182 235
384.460000 199.650000 293.020000 139.450000 31 62 118
639.160000 198.660000 586.460000 189.920000 127 122 116
378.070000 197.800000 286.100000 136.290000 149 213 250
771.450000 197.290000 749.300000 202.140000 198 188 165
621.780000 197.730000 567.290000 186.340000 178 210 230
583.410000 197.230000 502.200000 195.550000 143 132 118
895.260000 193.220000 852.860000 228.950000 169 158 143
638.670000 192.840000 586.160000 185.450000 142 138 128
635.150000 191.950000 582.750000 182.270000 228 245 237
604.080000 190.210000 548.550000 175.390000 182 176 166
890.940000 188.150000 849.690000 224.620000 129 119 96
322.030000 187.790000 217.550000 108.530000 46 114 170
552.640000 186.580000 491.870000 161.640000 214 207 199
349.830000 182.090000 253.800000 111.040000 99 205 250
794.660000 180.900000 754.590000 199.760000 196 178 160
261.990000 178.630000 141.670000 79.800000 72 164 205
397.100000 177.890000 311.010000 119.360000 86 151 207
337.050000 176.220000 239.360000 99.030000 59 130 185
829.990000 173.630000 790.730000 199.190000 147 132 135
567.270000 172.750000 535.940000 128.390000 131 129 126
365.450000 172.100000 273.920000 103.760000 55 133 189
429.670000 171.010000 351.680000 119.240000 121 185 240
736.580000 168.130000 694.990000 177.060000 124 116 101
367.600000 164.520000 277.560000 95.260000 61 128 182
367.600000 164.520000 277.560000 95.260000 61 128 182
510.500000 162.730000 448.110000 128.100000 103 175 225
637.600000 159.240000 589.880000 149.870000 153 140 128
746.990000 158.930000 706.180000 171.310000 74 74 70
577.130000 151.080000 524.690000 130.120000 82 88 90
454.840000 151.610000 383.370000 105.970000 65 115 159
627.940000 148.540000 581.840000 136.990000 145 130 119
337.780000 145.860000 244.500000 65.720000 131 202 247
880.610000 139.860000 844.830000 175.810000 147 135 132
597.840000 134.260000 549.960000 117.010000 134 137 132
366.740000 131.630000 282.180000 59.120000 64 144 191
1225.050000 130.010000 1081.360000 248.100000 19 18 33
1070.450000 121.750000 995.820000 202.790000 58 51 47
798.450000 121.730000 765.640000 142.890000 209 201 189
795.510000 119.590000 762.030000 140.420000 101 100 93
512.690000 119.280000 456.230000 83.790000 105 142 166
536.660000 119.470000 484.400000 88.720000 62 52 45
612.450000 116.390000 535.940000 128.390000 137 131 119
605.570000 115.770000 560.820000 101.000000 45 43 40
922.520000 111.330000 840.760000 177.890000 186 174 172
769.100000 105.110000 735.960000 121.490000 200 229 244
940.450000 98.720000 906.430000 148.190000 184 172 180
758.260000 96.250000 658.240000 155.680000 165 193 206
720.280000 91.950000 688.070000 98.420000 147 138 126
922.150000 91.440000 890.120000 137.880000 188 179 156
956.430000 87.730000 922.610000 141.000000 24 12 19
756.040000 81.510000 726.440000 94.010000 155 183 192
952.310000 79.120000 919.770000 132.190000 18 8 2
805.880000 75.940000 776.100000 101.470000 161 183 189
937.870000 75.680000 906.170000 126.130000 110 101 77
758.570000 71.690000 728.920000 88.830000 221 249 255
508.760000 70.710000 459.530000 33.490000 117 179 218
550.770000 69.630000 505.830000 42.610000 165 160 154
865.850000 68.390000 838.840000 103.870000 231 218 205
859.920000 67.270000 831.720000 103.300000 235 234 226
601.230000 67.410000 532.040000 79.460000 237 239 243
692.060000 67.210000 661.750000 69.360000 114 103 93
717.090000 64.840000 688.060000 72.290000 133 123 114
869.080000 64.100000 841.780000 102.040000 127 111 97
508.960000 60.790000 460.480000 23.230000 111 185 228
716.030000 58.970000 687.740000 64.350000 145 134 122
882.120000 58.490000 855.520000 98.640000 196 180 164
867.610000 56.540000 841.390000 94.040000 151 140 130
716.590000 52.300000 689.460000 58.680000 141 128 114
886.330000 52.190000 859.740000 94.290000 192 179 162
777.980000 48.500000 752.320000 68.640000 86 105 121
794.010000 28.920000 771.980000 51.900000 173 189 190
617.840000 27.340000 587.330000 13.920000 29 28 30
846.130000 25.830000 821.890000 62.960000 134 164 172
791.280000 25.590000 768.350000 49.050000 38 49 46
808.640000 22.820000 745.070000 77.140000 123 151 172
1041.210000 17.790000 979.890000 106.400000 41 34 37
806.960000 15.580000 785.830000 43.010000 160 188 211
660.170000 8.540000 635.850000 3.980000 138 124 111
820.080000 7.390000 799.670000 38.240000 20 45 73
503.720000 867.340000 385.690000 942.510000 118 104 91
600.360000 850.440000 513.660000 915.520000 109 96 77
843.010000 848.030000 803.720000 913.240000 154 138 122
591.130000 840.730000 499.420000 901.820000 99 86 66
859.810000 838.410000 819.780000 899.880000 148 133 114
681.070000 830.960000 609.100000 888.520000 123 104 86
557.750000 819.420000 452.380000 871.570000 120 109 93
558.740000 805.040000 452.200000 850.710000 165 151 136
599.780000 801.440000 503.710000 845.870000 107 93 77
940.870000 788.830000 885.970000 838.470000 122 104 86
373.400000 773.470000 199.740000 803.250000 121 125 122
432.990000 770.640000 284.050000 800.000000 164 155 146
327.960000 757.400000 134.240000 779.080000 122 129 125
382.210000 755.610000 214.660000 778.240000 170 174 171
598.060000 749.580000 491.390000 777.820000 180 170 156
635.720000 747.410000 536.230000 776.250000 142 134 122
587.910000 744.220000 479.630000 770.520000 114 96 78
428.610000 742.570000 277.990000 762.020000 118 120 118
501.180000 737.960000 373.390000 759.230000 122 122 118
501.180000 737.960000 373.390000 759.230000 122 122 118
663.230000 736.240000 567.000000 764.230000 202 184 166
930.430000 716.510000 849.790000 755.210000 72 52 29
930.430000 716.510000 849.790000 755.210000 72 52 29
935.220000 715.840000 854.640000 754.330000 95 75 52
618.980000 711.790000 511.940000 732.400000 167 146 129
926.570000 706.470000 843.640000 743.020000 71 56 35
702.490000 701.200000 606.090000 724.130000 128 107 88
1103.180000 692.440000 1002.070000 736.560000 100 89 79
720.350000 686.850000 623.860000 709.380000 171 150 132
737.780000 682.830000 641.450000 706.580000 164 146 127
737.780000 682.830000 641.450000 706.580000 164 146 127
841.540000 681.310000 751.940000 711.720000 220 203 190
841.540000 681.310000 751.940000 711.720000 220 203 190
827.070000 680.630000 737.430000 709.300000 125 110 89
833.510000 677.310000 744.130000 706.610000 75 60 41
737.610000 673.400000 642.390000 695.690000 95 79 65
626.200000 667.560000 518.700000 681.470000 127 107 94
768.070000 666.310000 674.720000 690.090000 102 94 79
907.590000 664.960000 826.930000 699.770000 110 104 100
724.430000 663.960000 626.290000 684.600000 161 147 131
722.660000 658.880000 624.290000 679.040000 80 66 49
719.620000 658.450000 621.520000 678.220000 162 148 131
712.480000 656.580000 614.660000 674.480000 63 52 36
888.630000 656.030000 812.240000 688.970000 140 130 123
794.730000 655.290000 697.450000 679.960000 126 110 95
736.680000 654.580000 636.700000 674.860000 110 96 79
787.460000 653.210000 691.100000 677.970000 79 66 42
630.330000 652.520000 521.810000 664.850000 150 134 118
666.680000 652.050000 562.120000 666.870000 53 38 21
712.410000 650.890000 615.080000 668.480000 236 229 212
746.930000 650.330000 650.130000 671.870000 165 155 139
713.350000 648.440000 615.650000 667.160000 238 230 215
719.220000 645.130000 622.570000 664.470000 151 143 128
699.380000 644.730000 602.710000 661.830000 207 202 190
1079.990000 643.080000 975.420000 685.120000 75 61 48
757.880000 635.700000 661.420000 654.700000 190 180 170
631.800000 634.440000 525.900000 645.580000 163 151 139
719.010000 626.030000 624.470000 644.380000 73 68 48
858.120000 625.270000 770.040000 655.030000 207 192 177
855.470000 621.560000 766.230000 650.960000 150 131 121
908.270000 618.770000 829.100000 652.260000 214 199 188
564.160000 617.190000 444.220000 619.220000 209 199 185
537.540000 613.350000 413.510000 612.400000 130 114 103
543.910000 612.470000 421.050000 611.840000 214 203 191
568.500000 611.270000 450.010000 613.480000 170 160 146
802.500000 610.960000 713.140000 635.020000 130 113 80
567.300000 604.960000 449.370000 607.080000 155 145 131
1039.390000 602.480000 946.310000 644.490000 203 185 167
507.580000 602.290000 378.400000 598.180000 155 146 137
559.720000 601.370000 438.640000 601.570000 104 96 81
414.920000 600.030000 266.390000 585.100000 121 142 75
585.770000 599.390000 472.560000 603.960000 176 158 145
537.800000 599.480000 413.730000 596.960000 189 179 168
814.550000 598.310000 721.040000 622.520000 115 97 81
410.940000 598.770000 261.880000 583.030000 91 105 60
527.640000 596.960000 403.890000 592.960000 38 31 24
537.440000 596.560000 414.810000 594.300000 61 51 40
817.130000 596.170000 724.250000 620.400000 190 175 158
555.200000 595.160000 434.800000 594.020000 252 241 229
525.130000 592.620000 401.100000 588.420000 19 16 12
507.280000 592.010000 379.760000 586.280000 132 133 115
818.290000 585.360000 726.930000 609.580000 66 51 44
319.020000 583.070000 142.320000 555.470000 24 22 39
929.080000 580.790000 841.410000 614.620000 124 99 80
380.050000 580.770000 222.930000 560.880000 113 109 89
368.000000 580.820000 206.920000 558.390000 85 80 67
382.570000 580.060000 225.710000 559.540000 179 175 155
476.350000 579.530000 340.360000 569.060000 105 113 76
473.660000 577.790000 334.080000 567.410000 228 232 207
925.310000 575.750000 838.130000 609.190000 120 93 72
918.620000 575.460000 831.870000 608.600000 129 102 77
357.290000 575.350000 194.280000 551.360000 157 147 141
781.740000 574.950000 689.750000 595.990000 172 148 126
1203.450000 574.050000 1054.520000 627.770000 120 110 104
886.950000 573.760000 800.020000 604.020000 179 156 135
882.900000 573.770000 794.340000 603.310000 146 129 119
536.320000 574.170000 418.030000 569.130000 26 26 6
399.450000 573.970000 247.960000 554.220000 115 129 77
451.150000 571.570000 311.720000 557.530000 111 119 81
897.130000 570.880000 810.240000 601.920000 144 114 87
890.870000 570.990000 804.300000 601.400000 129 98 76
371.060000 568.360000 214.040000 544.650000 45 48 26
883.240000 566.340000 797.040000 596.180000 123 103 90
375.620000 566.560000 218.600000 542.260000 136 138 125
351.200000 564.670000 187.160000 537.880000 176 173 156
336.470000 563.860000 168.820000 535.410000 238 231 230
475.670000 561.330000 340.760000 549.510000 97 94 87
327.110000 561.320000 155.720000 531.890000 184 180 191
883.100000 561.240000 797.190000 591.100000 95 73 60
466.850000 558.230000 331.270000 544.640000 71 68 64
445.940000 556.980000 307.770000 541.780000 91 88 81
900.290000 553.260000 815.600000 584.600000 208 180 152
348.520000 550.340000 185.560000 521.020000 177 172 154
444.580000 549.580000 306.720000 532.780000 114 107 106
448.760000 548.520000 311.560000 531.830000 106 99 97
888.980000 548.140000 805.070000 578.170000 179 151 125
1035.540000 547.080000 948.270000 590.040000 223 209 197
885.970000 546.400000 801.770000 576.270000 131 105 84
937.340000 545.990000 853.450000 580.610000 156 133 109
444.300000 545.320000 306.870000 527.450000 102 96 90
924.210000 544.060000 841.450000 577.630000 113 90 66
936.990000 543.110000 853.870000 577.580000 105 82 58
446.110000 542.300000 309.610000 524.630000 26 20 13
799.390000 541.920000 711.880000 563.360000 143 121 95
804.640000 541.550000 718.500000 563.520000 110 92 64
423.740000 540.130000 281.210000 519.910000 95 89 83
423.740000 540.130000 281.210000 519.910000 95 89 83
270.040000 538.630000 82.740000 498.020000 68 66 75
227.930000 538.660000 23.740000 491.490000 37 35 44
517.190000 536.440000 391.610000 527.770000 70 62 61
875.660000 529.840000 794.120000 558.460000 170 157 142
905.060000 529.740000 823.540000 561.270000 152 124 96
1141.870000 528.640000 1018.360000 581.770000 54 43 33
332.860000 527.010000 169.760000 493.070000 106 89 93
500.320000 526.000000 372.690000 513.890000 76 74 71
753.630000 520.460000 666.090000 536.050000 145 133 119
1009.490000 519.820000 926.410000 561.490000 177 154 132
1004.040000 519.340000 921.770000 560.410000 191 168 146
336.350000 519.600000 175.810000 484.910000 128 110 107
850.490000 518.400000 767.220000 544.560000 16 14 13
808.350000 518.280000 725.120000 540.170000 216 200 188
526.680000 514.590000 411.650000 503.960000 55 48 42
339.080000 514.660000 179.480000 480.580000 179 162 153
916.200000 513.880000 837.370000 546.320000 125 101 77
916.200000 513.880000 837.370000 546.320000 125 101 77
875.860000 512.880000 795.810000 541.540000 139 118 99
877.700000 510.330000 798.420000 539.310000 203 181 161
877.700000 510.330000 798.420000 539.310000 203 181 161
807.540000 509.830000 725.470000 531.450000 168 151 135
339.080000 508.750000 180.610000 473.900000 179 162 155
1060.120000 508.270000 813.940000 563.820000 120 108 98
886.910000 507.230000 808.420000 536.810000 132 108 82
885.350000 504.640000 806.900000 534.310000 187 163 137
885.350000 504.640000 806.900000 534.310000 187 163 137
1072.210000 503.940000 951.960000 552.670000 51 41 32
230.990000 503.320000 35.510000 450.870000 80 80 89
584.110000 501.520000 488.860000 496.220000 50 42 23
877.040000 500.670000 799.270000 529.400000 186 162 143
588.490000 500.660000 488.860000 496.220000 73 65 46
313.700000 500.580000 148.890000 461.240000 77 73 83
596.790000 498.720000 488.860000 496.220000 79 71 52
315.140000 498.200000 151.250000 458.390000 14 10 21
872.000000 497.130000 793.430000 525.200000 201 182 167
592.120000 497.190000 482.020000 494.240000 250 242 225
1079.280000 496.110000 983.820000 545.020000 113 102 94
427.830000 495.150000 296.290000 471.130000 76 70 64
825.640000 492.000000 745.310000 515.160000 98 83 64
406.590000 487.760000 273.860000 458.540000 123 117 111
663.040000 487.150000 589.010000 490.010000 163 159 136
323.540000 485.450000 164.720000 445.800000 81 77 88
915.740000 483.340000 840.070000 515.910000 122 104 78
393.780000 482.330000 256.140000 451.670000 52 46 42
721.990000 481.010000 637.640000 492.020000 124 106 88
721.990000 481.010000 637.640000 492.020000 124 106 88
699.830000 479.500000 613.750000 487.930000 156 146 130
383.710000 475.470000 244.400000 442.620000 95 89 85
898.840000 475.220000 823.580000 506.290000 112 97 76
825.020000 473.930000 748.410000 496.310000 108 95 75
456.820000 473.060000 332.340000 451.720000 33 29 28
435.480000 473.090000 308.550000 446.620000 95 90 78
990.660000 472.330000 914.600000 513.140000 107 91 75
732.430000 472.320000 649.410000 484.640000 174 157 144
432.370000 471.830000 304.540000 444.240000 39 34 22
340.620000 471.940000 190.590000 432.420000 174 163 152
748.070000 469.340000 667.080000 483.170000 195 185 164
906.570000 469.140000 831.860000 500.910000 98 79 61
343.920000 465.620000 196.030000 425.670000 131 122 109
931.460000 464.500000 842.620000 500.230000 97 83 58
336.520000 464.720000 185.250000 423.460000 110 102 101
250.110000 464.620000 70.050000 409.470000 45 44 48
380.360000 463.370000 242.640000 428.620000 51 46 44
900.970000 462.930000 827.420000 494.040000 139 127 106
260.860000 462.710000 85.830000 409.230000 87 84 88
930.650000 461.940000 858.180000 496.270000 148 133 113
853.950000 461.890000 779.990000 487.730000 162 144 126
796.570000 462.200000 719.640000 481.110000 122 111 93
796.570000 462.200000 719.640000 481.110000 122 111 93
477.870000 461.720000 357.410000 442.010000 37 32 36
487.250000 460.840000 368.380000 442.880000 18 13 17
375.660000 460.870000 237.250000 425.330000 53 46 45
732.720000 459.440000 651.770000 471.210000 210 190 182
732.720000 459.440000 651.770000 471.210000 210 190 182
624.040000 459.580000 528.710000 458.090000 242 241 235
616.420000 459.540000 522.240000 457.060000 36 29 22
399.500000 459.670000 308.020000 397.820000 44 39 29
414.810000 457.940000 286.090000 427.890000 112 108 91
378.150000 457.530000 242.010000 420.920000 48 41 40
239.800000 457.590000 57.540000 398.720000 103 101 108
903.320000 456.120000 830.620000 488.010000 212 202 181
751.080000 455.140000 671.390000 469.000000 253 239 224
764.990000 454.460000 683.850000 470.330000 145 135 112
773.100000 452.570000 693.580000 469.230000 122 113 90
502.480000 451.870000 385.980000 435.470000 41 38 41
758.190000 450.810000 679.240000 465.440000 117 98 78
627.200000 450.280000 535.480000 447.580000 123 120 123
928.920000 449.630000 856.980000 484.000000 108 93 74
871.940000 445.770000 800.770000 473.850000 108 95 75
505.500000 446.230000 390.300000 432.160000 100 92 97
791.830000 445.470000 695.150000 466.510000 214 199 176
502.780000 445.620000 387.130000 429.720000 54 46 51
791.490000 442.560000 716.050000 461.160000 115 95 72
796.020000 441.510000 721.220000 460.640000 115 97 78
420.130000 440.980000 294.340000 409.950000 88 84 82
520.000000 440.340000 408.720000 426.010000 99 93 97
261.040000 440.350000 90.200000 383.540000 28 32 99
425.740000 439.780000 302.020000 409.860000 47 44 39
908.090000 438.050000 853.680000 468.730000 81 66 47
329.720000 437.840000 181.700000 392.830000 100 144 150
447.440000 436.690000 328.960000 409.700000 126 123 115
447.440000 436.690000 328.960000 409.700000 126 123 115
327.400000 435.930000 178.750000 389.760000 168 232 239
834.780000 431.820000 776.600000 453.820000 126 111 92
939.380000 431.410000 869.870000 467.600000 99 90 71
831.740000 430.860000 760.210000 454.050000 164 150 129
847.190000 428.900000 776.600000 453.820000 138 124 102
843.580000 425.060000 787.120000 447.600000 105 90 68
440.640000 424.620000 320.740000 395.970000 60 57 52
393.020000 422.880000 264.740000 384.430000 150 143 142
393.020000 422.880000 264.740000 384.430000 150 143 142
298.030000 421.940000 143.540000 367.140000 119 238 255
497.030000 421.520000 384.740000 403.470000 15 16 35
499.490000 419.990000 387.510000 402.050000 100 101 124
783.120000 419.460000 711.100000 436.630000 113 99 74
504.250000 419.580000 393.450000 402.600000 96 93 110
399.940000 419.050000 274.670000 382.230000 49 46 45
873.770000 417.120000 805.490000 445.650000 113 96 72
879.120000 415.810000 810.660000 444.890000 113 94 73
352.250000 412.660000 214.190000 368.090000 116 109 110
871.830000 410.340000 803.810000 438.370000 178 161 137
408.510000 409.980000 283.490000 377.290000 125 126 116
587.160000 407.400000 497.110000 398.050000 20 20 19
775.090000 406.220000 702.900000 422.400000 114 113 107
587.070000 404.420000 497.830000 394.890000 151 152 150
411.570000 404.650000 291.050000 368.880000 145 144 140
831.840000 403.220000 764.490000 425.950000 233 222 198
597.720000 402.450000 509.740000 394.130000 34 38 37
326.590000 402.310000 184.880000 350.320000 163 219 253
877.930000 401.990000 811.490000 430.810000 118 100 79
502.540000 401.550000 394.220000 383.070000 89 87 88
502.540000 401.550000 394.220000 383.070000 89 87 88
754.050000 400.990000 682.170000 414.000000 116 107 86
850.870000 400.120000 783.260000 425.600000 116 106 82
455.590000 399.270000 343.850000 371.050000 135 135 135
949.460000 398.480000 882.870000 436.430000 108 91 65
798.080000 398.310000 724.610000 417.860000 58 64 69
600.270000 398.020000 513.350000 390.160000 158 162 161
849.990000 397.480000 756.170000 426.990000 247 241 218
917.130000 396.720000 851.150000 430.460000 115 101 76
499.520000 396.230000 393.530000 375.570000 96 94 95
454.230000 396.600000 341.990000 368.190000 35 34 36
910.160000 395.740000 844.000000 428.690000 186 172 147
570.760000 395.810000 481.460000 383.340000 160 152 135
449.800000 395.880000 337.690000 364.950000 41 38 43
825.790000 394.710000 757.880000 416.870000 114 117 104
612.590000 394.540000 527.730000 388.160000 14 13 15
329.400000 393.490000 191.400000 341.060000 78 159 196
506.030000 393.180000 402.260000 373.360000 135 131 133
951.620000 392.680000 884.780000 431.180000 94 73 49
617.030000 392.460000 533.700000 386.270000 38 37 39
818.790000 391.570000 747.000000 413.940000 59 74 63
619.910000 391.250000 536.820000 385.440000 32 31 33
260.400000 390.780000 98.820000 323.890000 151 188 219
832.140000 389.280000 765.230000 410.990000 54 50 46
340.170000 388.810000 204.560000 337.210000 69 102 97
885.110000 387.170000 834.090000 415.160000 246 239 211
601.720000 387.300000 516.950000 378.560000 50 50 51
938.670000 385.430000 873.040000 422.530000 127 103 81
938.670000 385.430000 873.040000 422.530000 127 103 81
631.820000 385.280000 550.960000 381.340000 42 40 35
964.860000 385.190000 898.710000 425.450000 202 180 152
933.750000 383.910000 868.660000 420.250000 173 149 127
592.110000 383.490000 504.900000 374.450000 26 21 23
524.130000 383.010000 432.020000 363.230000 156 146 141
301.510000 383.020000 156.590000 322.590000 45 138 189
754.980000 381.060000 685.570000 393.790000 114 105 84
921.580000 379.750000 857.350000 414.700000 142 129 109
571.450000 376.590000 485.030000 363.070000 187 174 158
918.130000 375.600000 854.450000 410.350000 135 123 106
440.360000 374.440000 327.460000 342.600000 26 53 86
309.150000 373.930000 169.310000 312.650000 144 171 205
639.430000 372.230000 561.300000 367.310000 125 114 96
957.430000 371.760000 892.820000 411.950000 186 163 141
928.570000 370.570000 865.570000 406.390000 183 162 143
733.330000 370.450000 664.590000 379.700000 73 65 69
890.920000 368.140000 822.950000 400.140000 87 112 117
236.380000 368.110000 69.900000 292.260000 142 235 253
625.950000 364.960000 548.490000 358.600000 55 51 52
625.950000 364.960000 548.490000 358.600000 55 51 52
957.470000 364.110000 893.980000 404.350000 101 81 58
630.030000 362.990000 551.890000 357.540000 30 23 17
900.290000 361.960000 837.180000 394.500000 217 235 231
352.430000 361.660000 227.160000 309.280000 47 64 89
988.340000 360.360000 925.100000 404.260000 105 87 64
930.020000 359.140000 867.450000 396.210000 200 181 160
629.940000 358.900000 552.600000 352.750000 41 34 29
468.600000 358.780000 363.830000 331.360000 40 116 167
996.350000 358.050000 931.730000 403.300000 115 99 84
921.950000 353.930000 860.800000 389.410000 160 144 128
924.840000 350.950000 863.250000 387.020000 173 157 137
636.370000 351.030000 561.470000 345.470000 49 38 22
435.160000 351.100000 328.750000 313.000000 156 189 214
957.980000 347.590000 895.730000 388.230000 119 101 77
317.840000 346.220000 183.280000 284.660000 77 112 144
508.000000 345.890000 409.120000 324.850000 129 139 155
420.180000 345.700000 311.390000 305.070000 132 151 165
960.030000 342.020000 899.060000 382.410000 103 83 58
987.410000 340.650000 925.850000 385.050000 184 170 145
632.770000 340.600000 559.000000 334.780000 84 70 50
632.770000 340.600000 559.000000 334.780000 84 70 50
933.970000 339.750000 873.510000 377.030000 152 128 106
473.900000 339.980000 372.980000 312.420000 79 129 177
969.620000 334.610000 909.040000 376.980000 189 169 149
259.460000 334.580000 111.980000 255.770000 132 211 253
919.080000 329.530000 859.570000 365.410000 120 106 89
967.790000 327.960000 907.790000 370.280000 128 109 88
973.980000 325.540000 913.870000 368.970000 124 105 84
916.800000 321.990000 859.370000 357.530000 160 149 130
913.580000 320.840000 856.230000 356.180000 127 116 100
952.750000 320.130000 893.740000 360.810000 178 160 139
919.680000 318.680000 862.190000 354.610000 123 110 88
916.040000 317.750000 858.810000 353.350000 169 157 139
960.360000 316.700000 901.860000 358.430000 150 135 113
733.870000 316.300000 672.000000 325.680000 146 136 129
939.330000 314.440000 882.140000 353.420000 198 186 160
916.370000 314.570000 859.520000 350.240000 97 86 68
916.370000 314.570000 859.520000 350.240000 97 86 68
493.610000 313.550000 399.410000 288.370000 132 175 215
605.850000 311.890000 556.000000 289.980000 142 127 108
991.840000 311.300000 932.620000 357.790000 146 134 126
912.420000 311.320000 855.810000 346.620000 119 109 92
490.770000 311.550000 396.550000 285.990000 66 108 150
561.380000 310.990000 483.060000 292.470000 88 79 66
482.890000 307.560000 388.600000 279.940000 138 190 236
555.020000 307.190000 476.740000 288.100000 139 126 113
911.790000 306.470000 855.990000 341.560000 117 106 89
182.350000 304.500000 8.010000 205.490000 65 185 214
732.340000 302.570000 672.380000 311.440000 159 150 140
963.520000 296.180000 907.080000 339.500000 117 98 77
762.270000 296.050000 703.910000 308.700000 98 101 104
989.050000 294.860000 931.970000 341.910000 155 143 133
953.190000 291.810000 898.060000 333.510000 186 167 146
767.400000 291.650000 709.730000 305.450000 118 122 142
922.150000 290.250000 868.370000 327.500000 189 171 150
776.430000 290.350000 734.210000 301.510000 105 122 160
591.110000 289.970000 550.540000 258.360000 153 150 142
982.890000 288.970000 927.560000 334.600000 134 118 106
908.750000 288.290000 854.830000 323.920000 118 106 84
830.240000 285.000000 775.340000 309.160000 150 161 156
984.110000 282.840000 928.550000 329.450000 110 93 82
554.480000 282.300000 479.670000 261.450000 139 125 112
853.660000 279.600000 800.420000 306.880000 117 125 149
509.480000 279.530000 422.460000 255.020000 41 84 128
509.480000 279.530000 422.460000 255.020000 41 84 128
598.840000 278.320000 529.560000 266.150000 174 201 219
971.630000 273.230000 918.150000 318.140000 190 175 153
981.420000 272.600000 926.990000 319.100000 105 94 76
981.420000 272.600000 926.990000 319.100000 105 94 76
442.400000 269.600000 350.520000 228.780000 51 73 102
872.100000 268.040000 794.740000 305.940000 24 37 47
906.720000 266.230000 856.930000 301.460000 194 180 161
456.330000 265.080000 366.420000 228.660000 132 156 191
961.960000 264.570000 909.870000 308.490000 131 113 87
595.540000 264.190000 527.980000 249.880000 142 166 183
553.380000 264.180000 481.170000 243.180000 145 131 118
368.950000 264.170000 262.370000 205.910000 59 88 122
822.330000 263.590000 770.300000 285.440000 84 82 91
979.240000 262.100000 926.460000 309.060000 119 100 86
979.240000 262.100000 926.460000 309.060000 119 100 86
813.710000 262.080000 762.430000 284.580000 86 83 86
457.690000 262.150000 367.960000 224.820000 27 52 96
356.170000 255.720000 248.720000 194.650000 147 191 235
450.330000 253.470000 362.510000 212.700000 80 158 209
904.680000 252.570000 855.820000 288.400000 172 159 139
453.460000 252.340000 365.480000 211.480000 124 191 238
453.460000 252.340000 365.480000 211.480000 124 191 238
978.160000 252.100000 925.940000 299.550000 96 77 64
373.690000 251.930000 270.290000 193.920000 66 106 149
933.770000 251.460000 884.060000 291.160000 121 104 78
631.990000 251.260000 535.980000 262.170000 152 174 195
379.860000 251.500000 278.180000 195.010000 75 139 191
376.540000 251.190000 273.880000 194.600000 136 187 234
353.970000 250.820000 247.350000 188.930000 34 78 131
473.940000 250.170000 389.190000 215.630000 67 116 168
333.290000 248.160000 220.790000 179.760000 139 198 238
376.600000 247.330000 274.570000 189.660000 55 99 140
311.540000 247.070000 193.220000 173.890000 130 193 243
731.700000 246.720000 679.280000 254.540000 203 189 176
390.010000 243.500000 292.050000 189.120000 127 200 246
642.330000 242.990000 583.010000 235.500000 132 132 130
578.200000 243.040000 544.250000 203.730000 62 90 99
325.410000 242.430000 213.350000 171.740000 166 208 251
381.030000 241.890000 280.950000 185.200000 58 107 149
413.330000 241.590000 320.020000 191.840000 129 184 226
375.560000 240.440000 274.390000 182.310000 76 107 145
707.820000 239.780000 654.700000 243.520000 137 123 110
621.970000 239.760000 527.980000 249.880000 177 201 218
552.230000 239.550000 483.770000 217.060000 143 132 118
913.770000 237.950000 865.300000 275.840000 163 153 131
403.330000 233.420000 309.970000 181.270000 33 79 124
382.270000 232.360000 284.940000 174.990000 106 145 186
344.730000 231.820000 237.920000 164.380000 136 174 216
741.700000 231.170000 678.430000 246.900000 19 8 0
702.070000 230.790000 649.760000 233.400000 169 151 134
427.260000 231.390000 338.090000 184.620000 106 190 245
407.830000 230.440000 314.700000 178.600000 84 144 190
884.290000 230.170000 837.150000 264.610000 171 171 166
595.540000 229.720000 566.380000 193.230000 147 178 203
466.120000 229.410000 382.870000 191.340000 58 107 151
360.070000 229.030000 257.770000 165.710000 144 185 233
959.270000 228.440000 911.720000 273.340000 110 95 74
399.820000 227.630000 306.300000 173.710000 30 70 122
399.820000 227.630000 306.300000 173.710000 30 70 122
310.650000 227.630000 197.170000 150.200000 58 140 195
359.300000 226.330000 257.200000 162.210000 64 104 152
370.900000 226.070000 270.730000 165.230000 126 163 215
303.760000 225.440000 187.030000 144.810000 143 212 253
426.580000 224.560000 338.490000 176.760000 35 108 166
598.090000 223.910000 536.230000 210.070000 69 103 124
878.210000 223.460000 832.160000 256.040000 101 98 91
319.510000 223.120000 208.330000 146.680000 150 227 255
899.080000 222.580000 853.630000 258.200000 221 216 205
287.610000 222.010000 165.700000 137.240000 35 118 169
596.940000 221.090000 535.860000 206.400000 180 217 237
919.230000 217.720000 872.710000 257.110000 96 86 64
645.600000 217.880000 590.730000 211.340000 129 113 104
572.900000 218.100000 510.080000 198.050000 114 108 96
579.160000 215.920000 548.550000 175.390000 174 168 156
320.830000 215.890000 211.610000 138.600000 48 110 169
967.980000 215.730000 920.470000 263.040000 162 150 127
386.940000 214.040000 293.940000 154.260000 96 122 165
298.920000 213.040000 182.720000 129.360000 68 115 169
909.930000 208.940000 865.310000 246.460000 90 81 50
888.080000 208.400000 844.740000 243.620000 126 121 106
904.090000 207.990000 860.140000 245.450000 108 100 73
898.700000 204.400000 856.010000 240.300000 101 89 84
618.360000 203.870000 528.690000 214.500000 94 118 144
620.630000 201.690000 565.710000 189.950000 106 135 159
540.300000 201.950000 475.200000 175.040000 144 132 122
915.430000 200.130000 872.290000 239.180000 118 99 84
311.580000 198.790000 201.850000 116.680000 128 201 249
703.230000 198.250000 655.670000 201.880000 186 173 158
627.280000 198.710000 572.910000 188.440000 168 202 219
630.730000 195.210000 576.910000 185.450000 159 189 201
401.010000 195.570000 313.480000 139.870000 60 138 191
601.870000 194.820000 545.250000 180.000000 81 73 62
925.560000 194.110000 881.650000 235.690000 113 92 72
314.040000 193.900000 205.550000 112.020000 143 212 254
358.850000 192.460000 261.880000 123.500000 55 146 195
806.850000 189.730000 764.780000 210.950000 128 118 113
359.460000 189.480000 263.960000 121.380000 105 200 248
749.010000 188.570000 705.340000 198.870000 184 174 158
401.780000 188.150000 315.870000 132.630000 122 195 247
637.870000 187.220000 585.970000 177.960000 145 147 137
502.550000 187.380000 429.520000 156.130000 80 115 164
702.940000 184.880000 657.620000 188.420000 173 162 148
538.470000 184.970000 475.850000 157.300000 141 129 117
434.020000 184.530000 353.720000 136.030000 131 200 243
428.420000 182.520000 347.720000 131.850000 128 194 238
425.490000 175.050000 345.770000 124.180000 128 203 250
955.190000 174.430000 912.140000 221.930000 212 205 173
391.430000 173.640000 305.170000 111.720000 44 96 150
806.810000 172.360000 778.810000 188.800000 233 218 197
802.980000 171.780000 763.810000 192.750000 157 140 120
457.090000 171.850000 383.220000 128.240000 135 185 230
730.720000 169.800000 689.160000 176.920000 146 135 119
389.590000 169.930000 303.850000 106.490000 136 193 244
384.450000 169.930000 298.070000 106.230000 122 189 238
811.580000 169.490000 772.690000 191.830000 202 187 166
966.190000 168.860000 923.290000 218.450000 165 151 133
440.070000 167.310000 363.670000 118.580000 114 187 239
512.380000 166.200000 448.720000 132.300000 139 179 217
574.220000 163.880000 519.020000 142.600000 134 136 134
571.490000 163.270000 515.870000 141.930000 207 218 221
514.100000 162.680000 451.090000 128.990000 39 57 79
439.530000 161.970000 364.040000 112.060000 114 187 241
358.350000 161.350000 268.000000 90.000000 67 132 182
958.590000 159.740000 918.100000 208.300000 121 112 88
629.570000 156.880000 580.850000 147.550000 138 129 116
629.570000 156.880000 580.850000 147.550000 138 129 116
956.780000 152.530000 916.870000 201.730000 177 171 143
356.310000 150.400000 266.840000 76.520000 129 194 244
413.060000 144.920000 335.730000 86.620000 114 168 220
936.750000 144.280000 897.910000 190.930000 204 184 161
961.020000 138.850000 921.780000 189.620000 151 140 131
591.410000 134.850000 513.250000 141.160000 139 151 159
593.870000 133.890000 515.870000 141.930000 215 227 231
775.510000 132.810000 738.380000 150.820000 142 167 179
789.970000 132.770000 754.570000 152.300000 148 146 131
782.990000 129.950000 746.780000 148.660000 193 221 232
446.830000 128.760000 377.130000 78.910000 109 183 235
906.640000 125.450000 871.740000 167.120000 123 112 112
868.980000 125.000000 822.640000 164.960000 143 126 105
799.390000 124.870000 766.270000 146.140000 139 129 111
921.130000 118.700000 886.950000 162.640000 198 185 170
568.950000 116.660000 521.350000 92.580000 159 182 199
891.770000 115.950000 815.250000 175.260000 152 139 119
547.320000 115.160000 496.390000 87.770000 218 209 214
547.320000 115.160000 496.390000 87.770000 218 209 214
805.980000 105.560000 773.520000 129.780000 109 128 126
578.150000 100.330000 532.040000 79.460000 228 233 239
583.380000 96.670000 511.550000 101.960000 143 150 166
583.380000 96.670000 511.550000 101.960000 143 150 166
948.940000 81.040000 915.180000 134.200000 32 23 4
543.230000 77.190000 497.980000 47.450000 149 140 129
753.310000 76.560000 749.790000 74.090000 168 198 209
549.550000 76.600000 531.870000 18.400000 145 139 131
852.330000 75.510000 824.190000 108.950000 153 167 169
750.920000 75.140000 721.870000 88.660000 60 89 104
710.860000 66.070000 681.670000 72.070000 172 161 149
865.000000 60.010000 838.330000 97.700000 224 218 208
712.960000 58.030000 658.690000 84.680000 182 169 154
776.080000 54.650000 749.790000 74.090000 166 191 203
773.010000 53.640000 721.870000 88.660000 32 61 78
514.870000 49.490000 468.980000 12.220000 130 184 218
566.410000 47.990000 528.080000 21.770000 151 153 141
775.350000 47.170000 750.900000 65.900000 212 235 247
789.510000 36.780000 765.930000 61.300000 102 107 105
916.530000 33.980000 891.560000 82.450000 171 155 137
573.430000 33.160000 537.530000 9.120000 180 179 174
797.710000 29.430000 775.530000 53.610000 42 61 73
797.710000 29.430000 775.530000 53.610000 42 61 73
927.950000 23.370000 902.850000 75.590000 177 163 150
862.230000 20.190000 840.490000 58.180000 128 115 107
862.230000 20.190000 840.490000 58.180000 128 115 107
859.260000 19.850000 837.850000 56.860000 221 211 203
742.040000 15.690000 720.460000 28.280000 134 118 106
588.170000 12.100000 528.080000 21.770000 150 148 138
585.110000 12.080000 524.960000 20.820000 244 245 243
937.060000 6.300000 913.520000 60.790000 152 141 143
