717.520000 576.130000 916.090000 572.350000 181 152 132
762.740000 229.670000 950.890000 185.570000 88 66 70
658.000000 146.130000 831.650000 107.320000 255 249 254
510.800000 583.630000 667.460000 578.080000 212 187 176
520.960000 383.180000 672.890000 372.240000 206 184 170
321.130000 304.500000 465.910000 315.030000 160 189 229
886.090000 657.620000 1111.290000 669.770000 46 33 31
410.690000 572.820000 560.580000 567.890000 193 167 154
836.090000 375.660000 1033.560000 344.560000 118 119 110
488.190000 591.210000 636.530000 588.540000 197 173 155
236.050000 567.990000 399.610000 558.690000 53 45 48
630.490000 554.620000 804.330000 549.890000 115 117 104
156.360000 551.380000 331.310000 543.110000 44 39 57
776.100000 520.160000 982.150000 510.230000 47 27 20
865.890000 457.780000 1074.140000 438.650000 145 125 112
408.460000 438.750000 556.660000 433.810000 201 178 161
337.880000 367.420000 481.660000 373.530000 91 129 160
831.250000 667.820000 1047.280000 682.470000 54 38 35
596.600000 594.750000 763.470000 592.300000 211 187 165
484.210000 593.060000 636.530000 588.540000 182 159 142
866.780000 532.560000 1079.140000 527.730000 8 2 3
225.950000 516.550000 388.920000 512.390000 65 54 58
736.550000 506.110000 934.700000 497.380000 231 211 198
368.230000 404.280000 516.670000 406.660000 74 69 75
759.010000 389.150000 959.540000 361.340000 94 76 73
533.930000 344.620000 691.160000 328.540000 218 199 185
679.000000 748.980000 899.510000 763.760000 218 194 178
831.400000 584.420000 1045.200000 584.250000 136 119 109
774.860000 580.470000 983.610000 579.150000 103 84 73
123.620000 431.220000 304.540000 438.870000 249 252 255
143.150000 347.150000 324.530000 362.150000 121 176 202
580.230000 313.370000 736.820000 297.650000 198 182 169
657.640000 302.460000 831.120000 276.410000 48 45 40
532.340000 288.920000 684.760000 274.350000 217 198 184
684.010000 160.240000 858.010000 118.790000 182 160 145
419.550000 123.580000 560.100000 126.100000 204 192 184
288.140000 852.860000 529.930000 853.730000 198 188 181
809.630000 570.910000 1019.460000 569.540000 101 81 74
935.020000 526.500000 1156.380000 521.040000 39 29 26
935.020000 526.500000 1156.380000 521.040000 39 29 26
765.140000 480.200000 966.780000 464.550000 121 101 94
198.960000 480.990000 363.360000 481.840000 177 169 163
280.560000 442.900000 433.670000 442.410000 72 64 69
280.560000 442.900000 433.670000 442.410000 72 64 69
788.590000 431.880000 988.310000 411.850000 51 33 22
888.760000 416.710000 1095.360000 393.760000 60 45 38
1005.910000 412.410000 1228.100000 385.620000 105 92 88
954.800000 376.750000 1170.390000 345.720000 78 71 72
954.800000 376.750000 1170.390000 345.720000 78 71 72
906.660000 350.990000 1113.400000 317.720000 83 76 70
585.630000 339.870000 744.970000 323.740000 59 52 55
782.020000 272.800000 973.480000 233.670000 79 63 60
50.760000 267.890000 252.020000 296.760000 253 252 255
50.760000 267.890000 252.020000 296.760000 253 252 255
764.000000 256.760000 954.790000 217.430000 72 56 52
734.880000 240.410000 920.910000 198.090000 60 48 42
944.530000 232.960000 1149.300000 176.920000 60 51 51
974.410000 210.500000 1180.910000 149.920000 36 31 37
910.400000 196.870000 1109.830000 138.090000 66 53 58
851.680000 142.070000 1041.670000 80.450000 69 57 62
474.510000 90.380000 615.930000 83.110000 108 102 96
474.510000 90.380000 615.930000 83.110000 108 102 96
287.650000 853.990000 529.930000 853.730000 191 181 175
529.180000 674.030000 698.940000 669.880000 180 169 151
777.610000 631.990000 988.480000 636.690000 57 32 22
634.980000 592.250000 804.610000 588.690000 181 195 191
634.980000 592.250000 804.610000 588.690000 181 195 191
810.140000 571.530000 1019.460000 569.540000 62 42 34
376.700000 567.190000 525.290000 561.180000 64 53 52
451.810000 562.790000 602.750000 558.750000 64 49 37
451.810000 562.790000 602.750000 558.750000 64 49 37
617.730000 545.440000 786.310000 539.280000 53 36 27
645.120000 542.270000 818.720000 536.760000 35 28 17
645.120000 542.270000 818.720000 536.760000 35 28 17
915.860000 538.320000 1135.340000 535.420000 146 132 119
546.080000 538.450000 703.900000 530.470000 229 210 199
983.410000 525.960000 1214.020000 522.060000 55 42 40
786.730000 493.150000 991.240000 480.400000 113 92 81
612.280000 470.320000 778.050000 461.160000 205 184 165
931.100000 449.790000 1145.580000 431.850000 179 164 148
175.550000 443.770000 344.340000 447.950000 250 252 255
917.120000 440.220000 1128.480000 420.830000 71 62 59
757.130000 436.830000 955.410000 417.250000 114 94 79
436.250000 416.190000 583.230000 411.990000 70 67 62
436.250000 416.190000 583.230000 411.990000 70 67 62
988.430000 377.270000 1209.940000 345.170000 78 65 70
918.550000 371.210000 1126.940000 341.940000 199 194 177
918.550000 371.210000 1126.940000 341.940000 199 194 177
57.790000 354.140000 259.560000 372.410000 255 253 255
786.550000 349.830000 981.710000 318.150000 65 45 38
645.140000 336.290000 813.450000 315.550000 255 251 255
303.860000 335.780000 452.450000 342.860000 73 75 85
371.310000 305.790000 507.810000 311.550000 82 101 127
371.310000 305.790000 507.810000 311.550000 82 101 127
721.990000 274.300000 909.880000 236.190000 235 222 207
219.980000 266.110000 381.800000 285.520000 135 218 245
734.370000 239.920000 920.910000 198.090000 64 52 47
770.020000 227.320000 959.080000 183.320000 50 34 30
620.840000 99.730000 775.900000 67.920000 130 121 112
425.450000 852.600000 659.220000 868.170000 190 170 169
768.420000 704.190000 989.790000 721.240000 23 19 14
719.160000 694.740000 934.260000 706.140000 102 100 89
268.050000 610.360000 430.160000 598.550000 255 252 253
191.980000 594.050000 360.120000 581.550000 89 77 80
895.030000 591.800000 1114.280000 598.210000 161 140 138
154.010000 589.080000 331.470000 575.820000 141 150 116
915.900000 576.160000 1138.560000 578.300000 146 127 116
632.280000 550.020000 802.380000 544.380000 116 118 103
819.610000 547.580000 1028.220000 542.400000 171 152 137
819.610000 547.580000 1028.220000 542.400000 171 152 137
795.190000 544.510000 1002.600000 538.030000 175 155 148
885.780000 502.260000 1098.870000 492.410000 128 116 104
799.500000 476.420000 1004.250000 460.930000 57 48 37
214.500000 460.200000 376.700000 459.710000 78 71 74
676.530000 450.460000 852.950000 436.380000 139 124 105
149.580000 446.910000 322.460000 452.120000 49 43 67
637.920000 436.070000 807.890000 422.950000 82 76 72
940.660000 434.320000 1157.180000 415.330000 50 40 34
451.640000 430.120000 599.010000 425.100000 114 115 117
651.770000 422.630000 821.780000 407.550000 243 246 239
573.290000 415.060000 734.500000 401.140000 223 206 193
1019.570000 384.980000 1243.300000 353.770000 52 48 59
362.210000 385.320000 501.080000 388.170000 86 90 89
337.700000 375.710000 478.550000 381.500000 209 248 255
584.730000 374.840000 744.350000 360.880000 108 101 100
584.730000 374.840000 744.350000 360.880000 108 101 100
570.280000 367.570000 728.860000 355.020000 245 236 224
570.280000 367.570000 728.860000 355.020000 245 236 224
631.160000 354.510000 797.540000 334.670000 112 109 103
917.200000 331.850000 1123.590000 293.580000 141 124 116
208.590000 330.020000 372.570000 344.240000 210 255 255
208.590000 330.020000 372.570000 344.240000 210 255 255
875.560000 306.980000 1076.550000 267.830000 135 119 114
167.160000 306.100000 340.380000 324.110000 78 93 108
777.760000 295.840000 969.620000 259.720000 76 55 53
981.590000 294.020000 1194.010000 247.450000 142 130 127
838.870000 283.460000 1034.290000 242.470000 111 92 77
807.080000 278.770000 998.990000 238.900000 75 61 60
807.080000 278.770000 998.990000 238.900000 75 61 60
822.680000 274.160000 1016.600000 233.430000 132 118 105
822.680000 274.160000 1016.600000 233.430000 132 118 105
956.250000 247.330000 1164.770000 194.100000 59 49 56
820.390000 244.690000 1013.910000 200.590000 141 126 118
753.680000 230.850000 940.300000 187.290000 126 105 98
266.480000 225.030000 420.460000 245.410000 116 130 174
590.220000 220.100000 746.050000 197.240000 252 250 251
609.360000 205.980000 769.650000 181.870000 251 249 255
892.190000 203.390000 1089.170000 147.250000 198 193 192
563.040000 191.260000 715.280000 168.610000 194 187 183
745.640000 173.960000 929.390000 125.250000 124 102 90
460.370000 173.980000 602.020000 170.450000 161 185 199
972.220000 165.880000 1175.350000 96.440000 58 56 79
819.060000 160.860000 1006.200000 106.360000 65 73 103
563.110000 159.090000 713.400000 137.910000 255 253 247
576.450000 139.600000 726.610000 117.440000 91 88 84
788.350000 133.000000 971.500000 77.230000 55 66 105
604.570000 131.370000 760.720000 103.370000 255 250 254
720.240000 118.790000 901.830000 67.460000 72 59 51
628.270000 111.120000 783.940000 79.880000 255 255 252
482.660000 106.040000 624.420000 102.270000 253 250 255
439.130000 87.040000 578.940000 89.200000 232 227 237
428.830000 52.220000 567.590000 57.120000 55 53 62
556.970000 51.380000 704.060000 29.230000 192 183 172
556.970000 51.380000 704.060000 29.230000 192 183 172
448.250000 21.540000 586.520000 24.340000 71 63 68
378.590000 852.780000 608.750000 861.560000 187 168 172
657.750000 803.880000 911.400000 836.520000 234 214 203
400.370000 749.520000 586.230000 745.460000 252 240 236
681.110000 726.040000 894.420000 740.400000 28 8 9
807.230000 678.360000 1029.620000 692.190000 62 39 31
849.820000 639.830000 1065.840000 651.310000 138 116 114
827.670000 628.820000 1040.660000 638.100000 167 144 136
859.520000 623.720000 1076.590000 632.610000 67 54 45
870.100000 619.900000 1088.210000 627.970000 255 247 234
902.280000 617.220000 1125.480000 627.640000 126 110 109
946.950000 615.980000 1178.330000 627.480000 55 42 40
875.700000 605.040000 1089.970000 611.510000 58 57 48
825.380000 599.060000 1037.670000 603.620000 164 144 131
276.780000 597.690000 437.050000 587.130000 130 157 69
607.750000 594.220000 776.230000 593.600000 219 198 169
908.790000 593.170000 1130.550000 599.290000 49 32 26
908.790000 593.170000 1130.550000 599.290000 49 32 26
823.750000 580.190000 1034.440000 580.260000 163 144 133
841.810000 574.430000 1053.860000 574.190000 167 150 142
450.350000 560.630000 600.160000 554.230000 68 52 38
450.350000 560.630000 600.160000 554.230000 68 52 38
766.370000 555.340000 971.980000 550.320000 114 95 82
98.510000 550.790000 287.440000 543.060000 84 78 98
806.470000 548.510000 1014.950000 545.700000 80 60 53
346.060000 543.060000 487.770000 537.810000 31 23 28
970.140000 541.470000 1198.540000 540.960000 136 123 118
839.980000 540.630000 1050.260000 535.960000 159 144 133
785.170000 537.310000 991.330000 529.320000 61 41 34
969.850000 529.800000 1197.950000 525.570000 139 126 122
572.270000 526.180000 733.490000 519.430000 181 171 157
44.430000 518.250000 248.920000 513.970000 97 94 111
258.590000 516.370000 420.230000 510.970000 210 203 199
800.610000 490.600000 1005.500000 475.910000 58 46 35
440.320000 490.100000 588.270000 487.510000 89 83 73
1016.930000 486.810000 1244.520000 476.800000 49 42 43
897.590000 484.670000 1112.250000 471.910000 56 44 42
843.850000 480.460000 1051.820000 466.180000 49 38 32
289.860000 473.880000 440.900000 470.950000 70 65 55
824.950000 453.810000 1027.770000 435.350000 144 123 116
801.570000 451.010000 1002.700000 433.930000 172 152 141
835.820000 447.090000 1038.950000 428.330000 60 49 36
878.610000 440.620000 1085.970000 420.510000 211 201 183
751.850000 435.420000 949.910000 415.620000 121 101 86
326.290000 433.080000 470.970000 437.280000 68 71 61
206.780000 424.870000 369.630000 430.760000 172 169 163
777.990000 411.380000 975.870000 389.300000 139 119 112
797.190000 405.520000 996.150000 381.730000 121 102 91
924.140000 404.150000 1134.830000 376.940000 173 168 154
924.140000 404.150000 1134.830000 376.940000 173 168 154
872.540000 404.180000 1076.450000 378.750000 192 181 169
912.680000 391.060000 1120.760000 363.920000 36 33 25
270.400000 381.850000 423.970000 390.250000 102 210 219
867.090000 367.800000 1068.630000 337.990000 178 175 167
867.090000 367.800000 1068.630000 337.990000 178 175 167
215.180000 364.080000 378.990000 374.800000 73 95 113
921.780000 361.850000 1131.760000 328.900000 141 132 122
783.840000 361.710000 978.890000 335.070000 91 70 63
930.760000 353.190000 1140.370000 318.170000 68 56 52
934.730000 341.270000 1145.870000 305.040000 126 110 110
742.440000 342.780000 934.480000 311.160000 113 92 75
852.880000 339.110000 1050.800000 306.420000 27 20 35
196.230000 335.300000 364.230000 349.960000 58 89 105
179.380000 327.520000 350.030000 342.630000 255 254 255
680.690000 311.910000 857.830000 285.780000 251 249 233
826.650000 292.030000 1022.650000 252.580000 61 44 34
777.180000 294.430000 969.620000 259.720000 79 58 56
777.180000 294.430000 969.620000 259.720000 79 58 56
864.750000 286.760000 1065.070000 246.920000 50 37 32
864.750000 286.760000 1065.070000 246.920000 50 37 32
440.290000 277.280000 584.420000 273.580000 225 237 255
440.290000 277.280000 584.420000 273.580000 225 237 255
430.200000 274.460000 573.910000 272.400000 82 76 73
430.200000 274.460000 573.910000 272.400000 82 76 73
911.820000 266.810000 1114.970000 219.780000 64 53 55
849.760000 264.740000 1045.110000 221.000000 139 129 108
461.390000 257.790000 607.440000 250.650000 169 238 254
814.430000 256.060000 1005.420000 211.610000 49 31 29
456.410000 247.940000 600.620000 243.390000 76 68 71
268.370000 240.630000 421.750000 259.600000 113 201 222
975.860000 238.390000 1183.870000 183.550000 48 39 51
482.930000 223.920000 629.340000 215.010000 118 107 97
1003.270000 208.370000 1214.700000 141.900000 58 55 75
842.240000 203.720000 1032.990000 150.980000 222 215 208
964.830000 193.130000 1168.210000 130.230000 161 152 148
735.030000 194.250000 920.130000 147.230000 123 111 96
960.860000 173.650000 1162.420000 108.140000 207 205 205
253.160000 167.630000 408.610000 191.910000 183 241 255
833.130000 147.830000 1020.150000 88.520000 217 215 205
919.840000 146.370000 1118.050000 80.730000 66 63 68
731.080000 143.500000 912.370000 91.260000 142 125 128
605.670000 129.020000 760.720000 103.370000 252 250 249
834.220000 121.700000 1021.510000 59.190000 62 51 53
752.150000 108.420000 932.260000 49.690000 61 48 45
439.330000 58.040000 577.990000 62.460000 222 219 231
414.650000 53.550000 553.800000 62.790000 177 177 172
400.330000 749.520000 586.230000 745.460000 252 240 236
687.580000 734.340000 901.510000 750.430000 187 165 151
626.240000 720.530000 824.940000 729.350000 28 15 0
933.800000 675.750000 1201.360000 701.680000 50 38 35
694.160000 654.430000 901.150000 658.260000 31 22 9
532.730000 641.030000 698.910000 640.090000 185 171 156
902.590000 617.430000 1125.480000 627.640000 126 110 109
916.560000 610.730000 1140.300000 620.690000 154 137 131
846.630000 610.910000 1060.370000 616.170000 140 120 109
207.820000 576.680000 372.910000 567.220000 50 42 25
831.550000 566.430000 1042.480000 565.210000 93 76 66
831.550000 566.430000 1042.480000 565.210000 93 76 66
388.100000 556.690000 537.150000 550.540000 212 197 168
605.620000 553.710000 773.510000 547.170000 221 196 178
970.360000 553.010000 1200.180000 553.200000 154 142 134
830.310000 538.940000 1039.110000 532.510000 86 71 60
995.230000 535.600000 1229.290000 532.750000 178 166 159
762.360000 532.090000 967.840000 525.830000 89 69 62
203.510000 529.610000 367.750000 524.480000 211 198 176
81.260000 518.370000 274.040000 514.120000 102 99 115
212.440000 511.090000 375.040000 506.930000 54 47 41
455.500000 496.150000 605.590000 490.320000 251 248 242
564.320000 491.390000 724.400000 483.080000 47 31 19
477.050000 481.110000 627.290000 475.380000 110 104 113
172.230000 467.960000 341.180000 470.130000 132 130 153
912.580000 459.850000 1125.020000 442.330000 71 62 44
972.530000 457.740000 1193.960000 439.890000 40 37 32
972.530000 457.740000 1193.960000 439.890000 40 37 32
644.830000 446.990000 817.340000 433.130000 254 252 251
751.380000 435.380000 949.910000 415.620000 121 101 86
1016.970000 433.480000 1242.820000 411.180000 122 110 108
438.410000 431.160000 585.750000 427.260000 38 35 27
965.450000 422.190000 1184.250000 399.340000 115 114 106
788.220000 409.070000 986.380000 385.430000 92 76 65
788.220000 409.070000 986.380000 385.430000 92 76 65
963.570000 407.360000 1181.280000 381.930000 60 57 52
796.660000 405.120000 996.150000 381.730000 98 79 68
796.660000 405.120000 996.150000 381.730000 98 79 68
325.410000 389.310000 468.830000 394.040000 179 241 244
1007.570000 387.600000 1227.570000 357.200000 111 100 102
374.310000 385.710000 511.670000 388.480000 225 252 254
976.840000 367.030000 1195.720000 332.930000 115 103 99
348.660000 364.790000 491.280000 368.620000 191 242 255
783.560000 362.970000 978.890000 335.070000 72 51 44
571.900000 364.320000 730.350000 351.010000 250 238 226
942.800000 355.270000 1155.560000 320.390000 74 61 59
904.930000 353.810000 1110.770000 320.470000 74 67 61
564.800000 349.710000 722.210000 335.510000 178 167 161
299.470000 345.390000 446.450000 356.500000 77 85 81
870.310000 343.660000 1072.450000 309.210000 48 40 37
853.150000 339.370000 1050.800000 306.420000 18 12 21
282.650000 338.540000 436.080000 345.990000 59 83 114
894.970000 331.520000 1099.300000 295.010000 51 38 33
630.260000 330.400000 796.140000 310.220000 88 88 84
179.810000 327.640000 350.030000 342.630000 255 254 255
865.400000 314.330000 1064.860000 276.880000 74 62 52
543.800000 307.600000 697.800000 293.890000 63 48 39
543.800000 307.600000 697.800000 293.890000 63 48 39
891.750000 304.630000 1093.920000 263.530000 41 29 17
563.110000 305.070000 717.680000 289.930000 217 204 203
684.580000 300.860000 861.970000 272.480000 43 39 14
157.310000 296.180000 333.800000 316.000000 83 95 109
677.810000 294.960000 854.350000 265.300000 252 249 239
952.220000 294.190000 1162.020000 248.010000 185 178 177
112.550000 277.890000 298.760000 302.720000 89 124 146
941.750000 276.020000 1148.530000 227.410000 112 109 114
765.630000 275.730000 955.950000 238.590000 112 95 87
917.850000 275.320000 1121.880000 228.270000 68 59 56
917.850000 275.320000 1121.880000 228.270000 68 59 56
489.990000 272.430000 636.430000 263.270000 237 253 255
901.780000 270.570000 1103.100000 224.110000 152 143 142
253.420000 261.960000 408.520000 280.270000 170 247 255
930.720000 251.510000 1134.520000 200.840000 189 187 184
357.870000 252.090000 497.950000 261.090000 131 236 252
945.160000 249.190000 1151.880000 197.210000 181 180 172
479.370000 240.890000 623.560000 235.150000 202 237 255
106.080000 232.530000 293.560000 263.830000 188 227 246
997.850000 228.600000 1209.480000 169.070000 181 174 174
995.750000 217.830000 1206.500000 156.100000 190 189 180
995.750000 217.830000 1206.500000 156.100000 190 189 180
252.470000 211.840000 410.860000 233.890000 135 217 255
994.500000 200.320000 1203.600000 135.390000 244 249 254
994.500000 200.320000 1203.600000 135.390000 244 249 254
881.500000 196.530000 1074.680000 141.370000 20 14 39
734.840000 195.370000 920.130000 147.230000 125 114 98
974.960000 191.630000 1178.580000 126.220000 34 33 50
180.750000 189.820000 349.430000 219.010000 194 255 255
403.080000 171.960000 546.100000 175.360000 70 59 59
403.080000 171.960000 546.100000 175.360000 70 59 59
894.880000 163.190000 1090.500000 100.280000 181 166 157
778.040000 152.660000 961.850000 100.740000 135 142 144
833.100000 147.080000 1020.150000 88.520000 217 215 205
833.100000 147.080000 1020.150000 88.520000 217 215 205
842.080000 146.360000 1031.400000 86.360000 62 54 59
860.930000 131.070000 1050.640000 66.780000 119 107 105
801.640000 124.410000 985.070000 65.920000 207 210 207
801.640000 124.410000 985.070000 65.920000 207 210 207
743.180000 114.770000 923.140000 58.740000 170 158 145
484.430000 101.880000 626.310000 94.550000 245 241 250
748.930000 97.250000 928.740000 39.090000 55 40 37
654.830000 52.410000 818.570000 7.030000 254 246 241
577.930000 54.280000 725.300000 30.430000 251 252 245
437.430000 31.250000 577.140000 31.670000 59 64 56
630.510000 792.280000 869.270000 817.970000 225 205 194
312.310000 765.710000 504.220000 755.450000 132 117 108
741.870000 692.890000 957.800000 705.740000 20 14 4
741.870000 692.890000 957.800000 705.740000 20 14 4
797.140000 686.400000 1018.550000 701.710000 248 195 162
797.140000 686.400000 1018.550000 701.710000 248 195 162
497.040000 686.510000 666.390000 684.070000 38 25 6
709.930000 683.790000 921.810000 693.760000 35 28 21
568.530000 677.860000 740.300000 677.850000 84 70 53
568.530000 677.860000 740.300000 677.850000 84 70 53
940.810000 670.790000 1207.580000 695.330000 189 173 170
483.220000 671.320000 652.330000 667.260000 63 53 40
894.240000 670.350000 1138.620000 690.770000 124 107 101
573.000000 665.570000 740.610000 665.020000 143 129 115
680.170000 663.330000 887.620000 669.550000 23 20 11
734.180000 655.160000 943.930000 663.230000 24 19 0
525.970000 636.630000 692.580000 633.090000 66 50 38
866.990000 635.000000 1085.190000 646.040000 171 151 144
866.990000 635.000000 1085.190000 646.040000 171 151 144
224.340000 623.700000 395.510000 609.860000 251 251 255
342.380000 621.910000 500.030000 612.060000 193 181 172
368.300000 619.030000 523.470000 610.410000 44 42 27
979.980000 602.780000 1217.700000 613.330000 59 43 42
915.910000 600.580000 1139.110000 605.620000 138 121 115
962.960000 596.170000 1194.090000 604.590000 155 140 133
59.000000 591.830000 261.280000 575.870000 187 183 194
960.910000 584.520000 1190.200000 590.410000 148 135 127
224.900000 583.960000 388.640000 572.790000 138 136 120
989.880000 583.240000 1225.870000 591.070000 254 244 228
989.880000 583.240000 1225.870000 591.070000 254 244 228
199.410000 576.990000 365.880000 566.850000 207 197 179
179.990000 566.670000 348.790000 558.110000 44 40 50
948.500000 558.560000 1172.510000 559.780000 68 51 45
24.400000 537.830000 237.310000 529.310000 114 112 122
171.460000 514.210000 340.190000 510.730000 102 97 113
902.580000 492.630000 1117.830000 481.180000 96 83 81
468.780000 492.270000 617.340000 486.890000 254 250 248
478.340000 490.180000 629.950000 483.640000 255 250 255
358.710000 487.360000 498.230000 485.630000 21 16 20
1017.670000 477.740000 1245.150000 465.100000 208 200 200
977.770000 470.880000 1203.380000 456.260000 83 75 64
148.460000 467.650000 323.710000 469.860000 117 110 129
593.230000 452.460000 755.110000 442.930000 56 60 57
165.390000 453.130000 335.780000 457.020000 47 45 66
865.170000 444.270000 1070.110000 425.400000 182 174 159
1039.350000 436.020000 1270.990000 415.500000 82 77 84
1008.600000 436.190000 1231.750000 415.110000 42 31 27
855.170000 436.320000 1057.300000 417.020000 57 61 72
180.500000 430.190000 350.230000 434.390000 49 70 85
180.500000 430.190000 350.230000 434.390000 49 70 85
174.140000 422.820000 345.030000 428.220000 57 78 117
461.550000 421.190000 609.620000 415.380000 56 60 57
461.550000 421.190000 609.620000 415.380000 56 60 57
365.240000 419.770000 504.830000 422.060000 114 118 136
197.490000 420.310000 361.630000 426.310000 101 115 118
38.570000 418.940000 244.180000 428.930000 53 50 67
214.080000 414.220000 375.950000 419.020000 86 86 82
157.220000 409.820000 331.930000 417.140000 58 79 112
1012.950000 405.830000 1235.350000 378.910000 117 107 111
972.060000 406.670000 1191.710000 380.450000 166 164 153
972.060000 406.670000 1191.710000 380.450000 166 164 153
56.910000 405.370000 254.920000 417.200000 65 62 79
1032.840000 402.760000 1261.260000 375.420000 94 85 92
949.520000 400.580000 1163.910000 375.150000 37 31 37
941.220000 394.690000 1154.470000 365.080000 181 172 176
199.760000 391.750000 363.880000 399.150000 243 250 250
953.580000 390.490000 1168.390000 362.160000 150 148 147
969.740000 389.590000 1188.930000 359.430000 183 176 172
295.320000 384.590000 445.660000 389.020000 79 85 96
220.110000 375.500000 382.750000 383.860000 73 101 114
938.140000 370.750000 1151.070000 338.920000 203 191 185
564.020000 360.590000 721.130000 347.310000 204 194 187
963.820000 357.890000 1180.120000 322.310000 133 120 116
734.590000 349.220000 925.630000 320.000000 189 168 149
813.910000 346.690000 1008.410000 315.600000 33 27 21
946.500000 339.530000 1159.010000 301.790000 35 23 11
890.600000 339.410000 1094.830000 304.270000 189 183 171
862.340000 338.350000 1062.120000 304.260000 176 172 170
876.500000 334.760000 1078.710000 300.310000 138 122 121
300.420000 333.620000 450.430000 340.750000 88 97 98
192.370000 318.220000 360.010000 333.770000 199 254 255
897.190000 314.320000 1099.950000 274.100000 136 121 114
963.330000 310.610000 1176.580000 266.210000 59 46 51
915.150000 310.750000 1120.300000 268.500000 145 125 118
236.390000 308.660000 396.010000 321.470000 73 99 144
544.160000 307.510000 697.800000 293.890000 50 35 27
544.160000 307.510000 697.800000 293.890000 50 35 27
473.090000 304.060000 618.730000 297.670000 53 54 61
479.880000 303.340000 625.890000 296.490000 219 239 254
556.210000 300.920000 710.190000 286.530000 38 32 28
556.210000 300.920000 710.190000 286.530000 38 32 28
796.210000 299.920000 990.550000 262.710000 186 181 171
464.740000 291.860000 610.140000 285.810000 231 253 255
560.400000 289.560000 714.710000 274.120000 232 221 211
782.590000 285.460000 973.740000 247.270000 129 113 110
782.590000 285.460000 973.740000 247.270000 129 113 110
671.460000 285.770000 846.930000 256.370000 33 22 0
671.460000 285.770000 846.930000 256.370000 33 22 0
275.940000 283.340000 427.930000 297.790000 151 216 252
478.970000 280.820000 624.510000 273.060000 230 254 255
1009.610000 277.450000 1226.200000 224.970000 109 102 119
1009.610000 277.450000 1226.200000 224.970000 109 102 119
853.660000 272.490000 1052.600000 232.040000 132 117 106
196.790000 272.290000 362.900000 293.500000 125 251 255
464.910000 270.080000 609.960000 264.770000 208 232 244
953.960000 268.990000 1163.920000 218.830000 58 52 40
806.050000 267.820000 997.330000 226.030000 115 99 95
813.130000 266.490000 1004.440000 223.670000 56 38 36
959.730000 265.320000 1170.860000 213.660000 129 123 109
946.980000 264.630000 1154.450000 213.070000 202 199 194
864.660000 265.070000 1061.230000 219.120000 132 113 107
938.120000 261.720000 1144.370000 212.420000 74 73 68
872.310000 262.570000 1070.100000 216.720000 77 64 59
872.310000 262.570000 1070.100000 216.720000 77 64 59
836.020000 261.580000 1030.020000 216.720000 130 119 101
489.640000 250.580000 636.240000 242.960000 191 209 223
937.080000 246.840000 1141.340000 194.810000 37 36 30
840.760000 245.690000 1034.040000 199.310000 68 56 51
840.760000 245.690000 1034.040000 199.310000 68 56 51
730.230000 242.610000 917.170000 202.820000 70 55 46
722.710000 242.060000 908.260000 202.480000 236 211 195
490.380000 228.670000 636.970000 218.570000 245 249 254
557.460000 211.170000 708.860000 193.130000 220 212 209
891.940000 198.410000 1088.320000 139.670000 183 177 179
389.180000 189.500000 531.900000 195.580000 45 80 109
300.360000 183.590000 448.120000 201.910000 151 248 255
468.700000 182.270000 611.270000 177.600000 179 170 161
827.030000 163.420000 1013.250000 107.520000 51 47 55
477.420000 160.890000 619.660000 156.180000 238 247 253
199.840000 159.560000 364.040000 190.380000 83 174 205
793.180000 155.730000 976.420000 99.090000 103 120 141
414.970000 156.230000 556.480000 159.640000 78 69 57
441.210000 154.760000 582.910000 153.300000 243 253 255
487.190000 151.380000 629.810000 144.320000 255 253 255
754.810000 149.800000 938.330000 98.180000 59 42 43
713.340000 149.290000 894.960000 100.870000 228 208 195
825.400000 145.230000 1010.240000 87.200000 18 16 26
576.770000 142.970000 727.800000 120.980000 28 25 30
719.340000 140.030000 900.870000 90.160000 80 62 60
726.050000 137.220000 906.490000 85.020000 123 108 116
454.350000 137.510000 595.170000 136.020000 243 251 255
916.040000 131.600000 1114.390000 63.800000 22 21 25
809.370000 131.240000 994.090000 73.510000 19 18 21
878.840000 129.500000 1070.910000 62.490000 180 167 160
785.830000 130.050000 967.550000 75.080000 26 38 83
469.850000 128.210000 611.100000 123.560000 79 77 84
787.140000 121.420000 968.250000 64.660000 112 117 163
873.420000 111.870000 1063.130000 41.840000 200 193 183
476.100000 110.930000 617.040000 105.740000 252 246 255
617.630000 107.260000 773.640000 75.700000 38 28 22
454.430000 71.750000 593.790000 71.340000 253 250 251
651.380000 62.020000 814.190000 17.910000 116 104 99
651.380000 62.020000 814.190000 17.910000 116 104 99
86.440000 904.730000 340.110000 880.140000 104 97 111
291.980000 857.890000 517.020000 856.300000 194 183 183
207.370000 770.730000 410.170000 750.060000 213 216 215
691.220000 691.510000 901.980000 701.830000 39 34 22
790.440000 687.850000 1008.800000 703.510000 177 165 157
437.790000 685.920000 605.420000 680.140000 210 188 171
926.920000 681.860000 1196.100000 707.930000 196 178 171
452.090000 676.120000 616.500000 671.310000 120 100 85
747.210000 652.590000 960.120000 661.400000 53 46 21
732.700000 647.980000 941.800000 653.860000 167 163 137
909.940000 615.670000 1132.580000 623.890000 66 49 45
909.940000 615.670000 1132.580000 623.890000 66 49 45
262.200000 615.700000 424.980000 603.900000 250 252 251
185.350000 608.680000 358.920000 594.680000 213 204 207
941.150000 608.480000 1169.110000 617.670000 150 135 126
262.200000 608.170000 424.610000 595.320000 254 252 248
252.630000 608.340000 417.350000 596.070000 254 254 249
229.690000 606.010000 400.360000 594.330000 152 146 135
935.100000 599.990000 1161.840000 609.230000 49 38 28
49.700000 595.690000 255.340000 578.840000 34 30 41
287.280000 592.980000 442.240000 583.860000 111 148 50
901.370000 590.880000 1122.400000 596.150000 139 121 118
566.520000 588.040000 728.630000 582.720000 93 74 61
365.150000 584.160000 507.940000 577.100000 48 53 32
376.200000 582.110000 527.610000 573.620000 104 108 90
206.330000 579.920000 371.920000 569.920000 50 43 25
206.330000 579.920000 371.920000 569.920000 50 43 25
304.030000 576.870000 452.090000 569.290000 35 29 25
446.780000 573.590000 597.140000 565.750000 52 37 14
99.940000 558.410000 288.490000 548.020000 13 8 25
50.690000 548.800000 254.720000 539.920000 175 173 183
50.690000 548.800000 254.720000 539.920000 175 173 183
908.140000 547.820000 1127.070000 546.390000 133 119 106
185.900000 548.130000 353.990000 540.580000 190 180 190
563.880000 538.650000 725.270000 531.960000 86 66 53
80.790000 538.280000 274.220000 531.290000 86 83 97
650.670000 536.880000 826.070000 530.050000 83 71 54
187.070000 537.130000 354.680000 530.480000 205 195 200
245.920000 535.610000 401.480000 530.850000 119 112 112
196.460000 531.380000 362.150000 526.650000 221 206 197
204.770000 526.490000 370.020000 519.120000 213 200 178
50.280000 522.950000 271.440000 517.670000 19 16 31
50.280000 522.950000 252.890000 517.670000 19 16 31
38.480000 523.140000 244.940000 517.260000 24 21 38
38.480000 523.140000 244.940000 517.260000 24 21 38
562.920000 517.630000 723.660000 510.090000 91 71 58
463.090000 512.430000 632.860000 502.480000 153 133 120
77.530000 512.880000 271.210000 509.040000 29 26 43
69.280000 513.130000 265.620000 509.300000 42 39 55
1038.280000 512.070000 1273.360000 505.200000 28 19 29
200.570000 505.780000 365.450000 503.040000 137 127 120
46.390000 505.420000 249.330000 503.640000 94 91 104
917.020000 503.810000 1134.860000 495.130000 151 138 134
927.240000 503.090000 1146.950000 491.600000 149 137 129
1037.060000 502.170000 1271.660000 494.940000 33 24 34
189.650000 493.240000 356.050000 492.520000 214 202 210
1026.130000 489.430000 1256.770000 478.530000 118 108 105
451.870000 490.240000 600.010000 485.120000 91 92 94
47.590000 490.740000 250.500000 488.760000 95 91 110
47.590000 490.740000 250.470000 489.030000 95 91 110
201.650000 488.400000 365.750000 488.030000 132 123 115
48.240000 483.190000 250.410000 483.880000 96 92 113
48.240000 483.190000 250.410000 483.880000 96 92 113
452.490000 481.700000 601.440000 475.740000 72 73 74
125.380000 482.150000 306.170000 482.370000 53 49 63
190.040000 480.920000 356.260000 480.980000 204 199 215
94.980000 480.430000 284.660000 481.580000 101 98 111
746.680000 477.480000 947.110000 462.430000 209 190 179
986.700000 469.820000 1213.390000 453.900000 53 44 35
946.100000 465.250000 1164.750000 448.840000 68 49 37
581.150000 465.280000 743.170000 455.170000 255 249 235
963.190000 454.940000 1183.510000 437.290000 173 172 164
918.170000 454.530000 1130.330000 436.850000 211 204 197
918.170000 454.530000 1130.330000 436.850000 211 204 197
885.200000 452.020000 1093.960000 433.770000 68 56 44
208.450000 451.520000 371.490000 452.850000 184 181 180
208.450000 451.520000 371.490000 452.850000 184 181 180
869.550000 445.570000 1075.600000 426.770000 190 178 166
884.650000 441.860000 1093.140000 421.570000 85 73 60
197.150000 438.630000 363.500000 441.720000 193 190 191
576.960000 433.670000 737.580000 420.960000 255 252 238
440.090000 421.360000 587.330000 416.890000 40 38 35
560.190000 416.620000 718.440000 405.530000 96 84 76
560.190000 416.620000 718.440000 405.530000 96 84 76
32.560000 416.290000 239.660000 426.480000 121 118 133
155.440000 415.170000 330.750000 420.780000 240 254 255
138.540000 410.380000 320.070000 417.910000 66 78 83
956.020000 409.370000 1172.170000 383.880000 153 151 149
956.020000 409.370000 1172.170000 383.880000 153 151 149
390.220000 409.140000 536.800000 407.540000 201 189 184
481.600000 404.310000 631.470000 397.300000 253 250 245
144.570000 403.140000 323.920000 412.150000 52 94 110
208.360000 399.920000 370.520000 408.910000 201 206 203
484.900000 397.640000 634.760000 390.660000 49 39 25
484.900000 397.640000 634.760000 390.660000 49 39 25
389.960000 397.590000 535.970000 397.120000 215 199 195
974.710000 395.230000 1194.970000 365.680000 60 55 47
654.830000 392.890000 826.480000 375.980000 237 255 255
883.950000 388.290000 1089.780000 361.060000 128 112 104
1014.080000 381.480000 1235.020000 349.420000 41 37 48
883.710000 377.650000 1088.070000 347.050000 148 132 125
1008.010000 376.260000 1227.770000 344.020000 123 115 118
1008.010000 376.260000 1227.770000 344.020000 123 115 118
974.470000 375.110000 1194.670000 343.940000 48 38 32
368.220000 374.670000 508.480000 376.900000 23 51 62
237.400000 374.060000 396.500000 383.310000 70 100 124
59.240000 373.450000 260.400000 389.330000 154 186 185
373.480000 369.660000 512.480000 372.880000 39 70 89
881.450000 365.270000 1085.740000 334.310000 151 139 131
775.290000 364.370000 970.160000 335.820000 149 126 118
180.890000 363.070000 354.860000 373.910000 67 114 141
897.350000 358.920000 1103.100000 327.630000 47 40 34
568.900000 356.510000 726.740000 342.740000 57 46 36
825.460000 355.600000 1021.280000 326.930000 81 82 73
825.460000 355.600000 1021.280000 326.930000 81 82 73
818.960000 353.000000 1013.420000 322.460000 156 156 154
587.080000 350.220000 745.830000 334.310000 21 19 26
956.320000 344.800000 1171.420000 308.220000 37 22 13
956.320000 344.800000 1171.420000 308.220000 37 22 13
897.490000 344.350000 1103.500000 309.960000 39 33 24
883.450000 339.760000 1086.450000 304.490000 85 74 66
570.330000 338.190000 728.080000 323.080000 40 25 8
436.190000 336.460000 580.860000 333.610000 219 224 224
930.960000 334.850000 1140.720000 297.600000 145 128 126
1009.710000 333.620000 1228.410000 295.050000 92 83 90
515.330000 332.150000 666.830000 321.030000 247 230 220
831.420000 324.160000 1027.470000 289.500000 162 155 151
831.420000 324.160000 1027.470000 289.500000 162 155 151
947.460000 323.320000 1159.390000 284.590000 155 144 136
935.980000 320.890000 1145.460000 279.830000 139 123 111
915.270000 318.730000 1122.850000 280.070000 50 32 29
957.900000 315.560000 1170.880000 273.020000 206 193 196
891.590000 316.080000 1094.590000 277.550000 60 42 41
885.660000 312.110000 1087.500000 271.720000 139 119 114
628.050000 307.270000 804.280000 279.610000 48 44 19
793.790000 306.050000 987.770000 270.050000 38 27 17
465.420000 305.070000 610.950000 300.610000 203 228 238
202.440000 300.110000 366.830000 317.830000 162 255 255
489.000000 297.910000 634.800000 291.450000 219 232 233
551.290000 296.370000 704.990000 282.040000 239 232 223
1001.060000 292.950000 1216.430000 244.910000 105 101 111
800.540000 292.350000 995.760000 255.160000 45 35 29
554.280000 289.030000 708.420000 275.370000 56 50 40
554.280000 289.030000 708.420000 275.370000 56 50 40
1005.440000 287.030000 1221.180000 234.350000 31 28 41
1005.440000 287.030000 1221.180000 234.350000 31 28 41
1011.240000 286.200000 1229.170000 236.680000 102 101 116
794.920000 286.390000 988.160000 247.380000 179 168 169
849.930000 283.950000 1049.360000 243.120000 136 120 107
303.200000 283.030000 452.020000 293.390000 78 90 121
934.710000 281.940000 1140.670000 234.980000 201 199 195
226.200000 280.060000 387.300000 296.520000 57 97 129
455.380000 277.710000 599.860000 273.320000 199 220 247
305.970000 274.720000 452.400000 288.420000 163 179 217
300.500000 273.440000 448.600000 285.260000 72 86 123
878.700000 272.140000 1077.720000 226.820000 147 134 128
859.340000 267.430000 1055.440000 223.380000 61 46 39
859.340000 267.430000 1055.440000 223.380000 61 46 39
206.430000 267.180000 371.070000 287.550000 107 249 255
1023.100000 264.600000 1246.050000 209.240000 24 23 36
819.120000 264.820000 1012.070000 223.060000 160 143 147
892.500000 263.270000 1089.280000 213.090000 43 39 30
244.960000 260.930000 401.530000 278.780000 65 129 171
244.960000 260.930000 401.530000 278.780000 65 129 171
913.900000 256.890000 1117.060000 208.600000 62 53 42
274.960000 256.330000 425.980000 274.210000 214 255 255
725.740000 251.110000 912.050000 211.590000 216 193 184
816.270000 244.930000 1007.610000 200.270000 164 147 137
849.860000 244.130000 1044.040000 196.220000 122 111 103
778.140000 240.940000 967.230000 197.950000 145 132 128
118.420000 241.240000 302.720000 268.730000 184 245 255
816.030000 237.230000 1006.400000 192.030000 138 119 123
927.160000 234.940000 1129.940000 181.660000 185 182 185
849.930000 235.080000 1043.610000 186.350000 217 204 205
567.240000 233.690000 720.930000 215.360000 255 251 243
257.910000 234.410000 411.910000 252.930000 88 142 188
1018.290000 225.680000 1235.960000 162.280000 117 203 212
265.190000 218.510000 419.040000 237.560000 61 105 141
486.610000 214.250000 632.130000 205.490000 127 115 105
486.610000 214.250000 632.130000 205.490000 127 115 105
911.020000 209.200000 1111.460000 153.540000 182 169 174
911.020000 209.200000 1111.460000 153.540000 182 169 174
217.780000 208.990000 379.260000 232.510000 77 161 197
435.530000 207.870000 577.810000 207.230000 233 243 250
787.870000 206.010000 975.380000 157.350000 72 60 50
489.310000 205.650000 634.550000 197.390000 255 245 237
969.150000 197.800000 1173.070000 135.190000 202 201 181
969.150000 197.800000 1173.070000 135.190000 202 201 181
395.140000 192.230000 537.190000 198.380000 208 201 204
920.900000 189.680000 1121.350000 127.980000 143 135 134
771.610000 184.530000 957.100000 135.020000 145 126 108
332.390000 182.020000 475.650000 196.480000 145 251 255
464.130000 177.340000 606.700000 173.050000 234 249 251
969.230000 169.800000 1171.890000 102.730000 53 46 65
767.870000 165.100000 952.610000 113.570000 126 108 104
715.510000 163.740000 896.980000 116.180000 205 185 174
436.030000 160.000000 576.720000 161.430000 244 248 255
582.140000 156.770000 734.220000 133.040000 254 251 255
300.250000 157.300000 447.140000 177.490000 135 244 255
849.300000 154.350000 1038.920000 95.050000 127 118 125
971.050000 153.150000 1173.720000 83.990000 30 75 106
811.530000 151.700000 998.000000 96.960000 44 53 77
448.500000 141.530000 589.440000 140.620000 49 58 71
580.980000 139.520000 732.620000 116.460000 53 51 44
795.800000 136.480000 977.610000 79.660000 43 54 64
718.300000 135.400000 899.110000 84.290000 86 69 70
432.340000 131.540000 573.910000 132.470000 78 71 64
567.140000 125.960000 716.540000 106.120000 177 164 155
737.550000 118.810000 917.900000 64.620000 75 63 53
906.630000 115.320000 1101.270000 42.830000 143 142 144
906.630000 115.320000 1101.270000 42.830000 143 142 144
900.890000 113.110000 1093.460000 42.180000 34 30 28
622.300000 110.040000 778.050000 77.420000 250 247 248
771.080000 107.360000 953.070000 51.600000 172 167 164
603.670000 105.510000 758.840000 75.020000 113 103 98
773.770000 98.430000 956.320000 42.260000 13 6 3
436.050000 97.630000 575.410000 101.430000 248 251 255
479.910000 96.920000 623.370000 87.930000 48 42 51
889.820000 86.930000 1081.110000 12.360000 153 142 142
778.010000 79.940000 959.210000 17.920000 201 194 197
813.430000 79.260000 998.590000 17.790000 63 57 46
733.290000 71.950000 911.130000 12.780000 94 77 71
463.040000 61.400000 602.110000 59.150000 255 250 246
651.890000 61.130000 814.190000 17.910000 118 106 101
651.890000 61.130000 814.190000 17.910000 118 106 101
577.390000 55.760000 725.300000 30.430000 251 252 245
448.630000 45.530000 587.380000 45.500000 91 87 97
504.130000 37.290000 646.450000 24.670000 64 53 42
448.310000 33.370000 586.760000 34.690000 53 48 66
454.210000 30.720000 592.340000 33.020000 240 238 249
469.230000 14.900000 607.770000 11.320000 75 75 85
391.480000 856.300000 623.340000 868.120000 177 161 164
200.950000 805.540000 414.910000 785.690000 152 145 138
647.260000 739.520000 859.230000 754.090000 227 200 185
363.620000 732.930000 545.660000 725.080000 182 166 162
478.390000 731.150000 660.260000 731.130000 160 140 127
478.390000 731.150000 660.260000 731.130000 160 140 127
348.060000 710.810000 522.920000 700.310000 173 153 146
621.200000 694.080000 817.200000 700.340000 232 225 208
704.700000 692.100000 916.960000 702.870000 18 19 18
538.770000 691.800000 711.650000 690.620000 201 185 169
704.700000 687.440000 915.980000 698.420000 213 212 206
820.080000 686.290000 1047.380000 704.090000 203 186 180
397.060000 678.020000 562.690000 670.010000 218 195 185
716.060000 675.410000 927.190000 684.410000 54 47 29
290.900000 675.030000 461.260000 661.480000 165 152 150
573.970000 671.630000 744.920000 672.240000 254 247 231
573.970000 671.630000 744.920000 672.240000 254 247 231
500.100000 664.290000 669.190000 661.440000 36 27 16
619.960000 660.020000 813.110000 662.710000 55 36 23
721.550000 650.090000 930.010000 655.740000 107 87 78
451.100000 649.930000 614.600000 643.750000 197 182 173
539.780000 641.040000 706.940000 638.410000 102 88 73
538.390000 625.620000 705.130000 622.070000 78 65 42
211.380000 624.080000 381.880000 609.090000 91 88 116
191.490000 622.440000 366.380000 607.450000 118 116 147
615.690000 618.960000 785.610000 620.100000 73 54 34
195.240000 617.860000 368.400000 603.210000 98 98 115
932.790000 617.010000 1160.320000 628.060000 124 106 104
261.700000 616.440000 424.980000 603.900000 232 236 235
870.020000 611.930000 1083.980000 619.640000 101 98 90
936.480000 610.960000 1163.820000 620.910000 68 50 47
261.500000 607.510000 424.610000 595.320000 255 254 248
163.620000 605.980000 340.990000 591.750000 234 238 251
192.400000 599.670000 363.780000 587.500000 67 55 57
208.270000 598.120000 376.800000 585.790000 90 86 75
323.760000 593.360000 473.760000 584.690000 76 76 41
312.100000 589.440000 462.140000 580.780000 48 61 25
40.260000 585.880000 246.990000 570.880000 27 22 36
1018.590000 585.290000 1265.960000 593.510000 38 24 28
246.410000 584.420000 408.270000 574.330000 174 179 157
287.230000 582.090000 438.140000 573.460000 43 46 14
382.360000 580.900000 527.610000 573.620000 106 110 94
881.280000 579.690000 1096.320000 581.920000 139 123 115
309.430000 578.060000 460.120000 570.610000 124 118 111
132.930000 575.160000 312.910000 563.520000 103 98 115
646.710000 565.620000 821.340000 562.300000 31 25 34
307.920000 559.360000 458.280000 552.540000 147 137 132
303.830000 558.290000 454.770000 551.540000 69 59 54
461.950000 555.260000 613.270000 549.730000 60 43 35
273.010000 542.850000 426.440000 536.610000 178 172 158
647.310000 541.850000 821.720000 536.880000 108 99 86
198.430000 536.760000 364.240000 531.270000 113 98 87
66.730000 536.520000 263.490000 529.260000 13 11 21
621.460000 535.340000 791.250000 528.420000 218 199 183
246.150000 535.650000 401.480000 530.850000 119 112 113
19.240000 533.280000 234.200000 525.320000 25 23 32
280.050000 528.320000 431.950000 523.570000 46 41 25
993.420000 528.280000 1226.780000 524.260000 38 37 31
26.430000 528.150000 237.410000 521.330000 14 11 26
77.120000 522.230000 271.440000 517.670000 13 10 23
183.030000 519.190000 350.510000 515.000000 58 51 68
16.280000 518.150000 229.930000 513.570000 87 85 95
264.560000 513.660000 425.340000 508.780000 196 189 185
562.030000 510.260000 722.860000 502.710000 86 66 53
562.030000 510.260000 722.860000 502.710000 86 66 53
960.640000 505.530000 1185.910000 496.100000 109 96 93
1036.390000 505.240000 1271.150000 497.660000 32 23 33
184.000000 499.680000 351.580000 497.800000 83 72 90
84.110000 498.120000 276.390000 496.630000 108 104 123
189.490000 493.500000 356.050000 492.520000 214 202 210
185.000000 492.940000 351.780000 491.740000 71 60 77
170.950000 492.120000 340.200000 491.510000 117 112 130
654.740000 491.250000 829.550000 480.780000 199 188 170
369.250000 491.280000 508.540000 489.080000 101 96 100
369.250000 491.280000 274.040000 514.120000 101 96 100
926.960000 488.130000 1143.650000 474.730000 124 113 101
85.430000 488.590000 277.630000 487.560000 102 100 116
202.670000 485.970000 367.140000 484.610000 141 132 119
53.210000 486.490000 254.400000 486.420000 30 26 45
115.740000 485.940000 299.340000 485.760000 92 87 101
125.250000 482.210000 306.170000 482.370000 53 49 63
677.440000 479.660000 858.840000 467.420000 255 247 226
184.950000 479.280000 351.880000 480.210000 62 62 80
78.940000 479.040000 272.550000 480.320000 50 50 68
755.770000 477.910000 957.090000 462.620000 79 60 49
86.240000 474.240000 277.800000 476.170000 115 114 127
91.600000 474.220000 282.110000 476.350000 49 46 58
24.590000 473.930000 234.870000 475.950000 71 70 83
335.780000 470.620000 478.270000 469.310000 112 104 111
66.330000 469.070000 263.720000 472.000000 91 90 103
319.050000 466.200000 521.520000 460.120000 127 123 123
750.320000 464.870000 950.460000 448.580000 254 244 228
957.150000 462.280000 1177.780000 446.630000 202 195 188
49.590000 460.970000 252.280000 465.050000 114 110 120
881.910000 459.930000 1090.480000 442.500000 144 125 112
957.800000 458.210000 1176.450000 441.740000 63 61 55
885.100000 451.690000 1093.960000 433.770000 80 68 56
208.450000 451.530000 371.490000 452.850000 184 181 180
208.450000 451.530000 371.490000 452.850000 184 181 180
95.470000 450.320000 285.190000 455.030000 126 122 135
212.580000 449.380000 374.720000 451.310000 73 69 68
159.720000 446.940000 331.600000 451.890000 227 225 241
155.400000 443.580000 327.800000 448.710000 48 47 61
982.390000 441.860000 1206.590000 420.910000 64 47 37
884.670000 441.900000 1093.140000 421.570000 85 73 60
649.980000 432.270000 818.090000 418.740000 246 254 250
456.020000 430.370000 604.410000 424.620000 183 184 187
430.460000 429.360000 578.390000 424.690000 254 249 233
1022.160000 428.560000 1249.180000 407.080000 21 14 18
276.170000 427.020000 427.060000 431.000000 192 191 191
181.940000 424.440000 350.270000 428.860000 212 242 255
692.420000 423.960000 875.210000 405.820000 255 251 237
428.970000 424.170000 576.940000 420.110000 57 43 26
480.960000 419.480000 631.070000 411.870000 237 234 229
358.100000 419.590000 497.800000 420.890000 118 122 141
864.360000 416.460000 1066.930000 395.790000 34 29 28
429.540000 411.600000 576.940000 406.990000 59 45 28
799.180000 405.120000 998.390000 381.680000 146 126 115
1008.500000 396.840000 1229.580000 368.370000 36 25 25
1008.500000 396.840000 1229.580000 368.370000 36 25 25
482.890000 389.790000 632.630000 382.360000 94 81 64
347.220000 389.810000 487.640000 393.610000 223 244 246
1003.500000 389.160000 1223.040000 359.890000 150 139 141
482.180000 382.630000 631.790000 375.350000 81 65 51
304.640000 379.130000 454.300000 382.250000 40 79 132
888.650000 377.680000 1094.220000 345.930000 105 85 78
59.240000 373.360000 260.400000 389.330000 154 186 185
923.240000 369.670000 1133.360000 338.030000 75 65 56
942.360000 366.900000 1156.840000 334.960000 47 34 33
380.520000 366.100000 517.770000 369.190000 35 74 112
380.520000 366.100000 517.770000 369.190000 35 74 112
219.030000 361.740000 381.630000 372.150000 61 85 105
802.330000 354.580000 998.580000 325.090000 165 148 145
892.540000 354.050000 1096.970000 320.790000 49 37 32
866.370000 351.710000 1067.470000 319.470000 71 68 69
566.760000 351.470000 724.320000 337.760000 252 243 234
825.200000 351.110000 1020.820000 320.650000 40 41 32
819.850000 347.630000 1014.960000 316.990000 37 34 30
945.940000 347.020000 1158.540000 312.090000 62 49 44
950.000000 345.470000 1163.010000 309.230000 166 153 148
620.980000 335.970000 786.270000 316.490000 183 188 202
620.980000 335.970000 786.270000 316.490000 183 188 202
925.930000 335.520000 1135.070000 299.440000 73 58 51
1005.040000 333.750000 1222.050000 293.380000 34 22 28
937.960000 333.390000 1148.140000 294.810000 40 22 24
586.110000 328.710000 742.080000 314.020000 65 53 15
384.740000 328.420000 521.070000 334.080000 126 250 254
1008.240000 327.430000 1226.200000 286.000000 99 91 101
677.690000 327.760000 853.010000 304.380000 206 204 199
959.320000 327.040000 1173.760000 286.910000 160 145 136
632.260000 327.280000 798.480000 306.190000 23 28 27
822.950000 325.400000 1015.870000 291.730000 25 19 15
199.530000 321.770000 365.260000 337.270000 90 163 198
852.520000 319.330000 1052.810000 282.930000 44 36 27
860.640000 315.890000 1060.400000 278.270000 56 44 34
1011.600000 314.620000 1229.940000 269.890000 25 19 30
935.540000 314.500000 1145.430000 274.980000 141 129 121
60.270000 314.600000 260.420000 337.440000 170 254 255
842.860000 313.900000 1041.300000 277.230000 49 37 33
186.750000 313.180000 355.050000 329.590000 166 219 255
172.090000 312.250000 344.170000 329.420000 94 99 113
992.870000 307.540000 1206.860000 264.700000 57 52 57
671.880000 307.490000 846.350000 280.940000 52 53 44
353.820000 306.830000 494.380000 313.550000 175 204 236
435.230000 306.690000 580.130000 308.530000 174 196 219
177.240000 306.230000 347.830000 323.780000 36 89 123
948.140000 304.970000 1156.560000 260.520000 49 42 41
488.560000 298.310000 634.800000 291.450000 236 250 251
310.860000 298.790000 457.210000 308.860000 159 178 211
932.250000 293.030000 1137.850000 247.240000 49 42 38
61.960000 292.850000 263.360000 317.640000 80 150 187
592.650000 284.780000 750.650000 266.040000 197 181 167
912.210000 277.680000 1116.050000 232.350000 154 141 136
903.160000 274.810000 1104.980000 228.790000 177 165 161
859.740000 273.750000 1057.110000 230.600000 68 51 43
859.320000 267.150000 1055.440000 223.380000 61 46 39
454.890000 258.660000 598.350000 254.770000 180 216 230
345.310000 255.810000 486.970000 265.740000 134 242 255
907.700000 250.520000 1109.350000 199.680000 139 127 125
982.350000 248.210000 1190.390000 190.610000 42 37 47
285.340000 244.570000 434.900000 260.600000 145 245 255
810.910000 243.060000 1001.330000 196.860000 54 39 30
569.630000 241.160000 723.540000 223.230000 255 251 243
465.970000 236.970000 610.570000 230.760000 240 223 215
461.720000 236.890000 606.670000 231.030000 126 109 101
262.060000 236.050000 416.170000 256.590000 120 247 255
494.470000 234.020000 640.250000 225.340000 173 158 151
111.340000 232.620000 298.880000 262.600000 224 255 255
838.130000 232.220000 1029.930000 183.220000 66 56 51
871.200000 231.200000 1066.700000 180.680000 52 45 46
484.710000 231.090000 631.310000 221.650000 173 223 255
581.420000 226.500000 735.680000 206.310000 68 65 65
262.060000 226.520000 415.440000 246.730000 94 126 161
185.800000 221.510000 354.400000 246.560000 57 138 150
812.790000 218.880000 1003.390000 171.200000 139 129 124
265.130000 218.510000 419.040000 237.560000 61 105 141
556.240000 216.570000 707.920000 199.490000 230 222 221
918.910000 214.950000 1118.440000 156.760000 158 147 147
879.020000 214.400000 1073.160000 161.670000 148 147 173
725.840000 212.850000 911.630000 169.130000 95 83 75
261.040000 212.790000 415.810000 233.410000 29 94 128
988.650000 209.430000 1197.190000 147.110000 41 44 47
468.960000 207.970000 614.030000 201.380000 172 161 151
287.430000 208.230000 436.320000 226.300000 170 251 255
878.260000 204.760000 1072.890000 151.980000 116 115 146
932.970000 201.440000 1135.580000 141.250000 142 130 122
626.580000 200.470000 788.120000 172.180000 254 244 238
255.360000 198.840000 410.760000 220.990000 205 240 255
986.240000 191.000000 1192.850000 126.040000 24 54 76
730.130000 187.610000 914.180000 141.110000 131 114 108
865.950000 185.030000 1058.960000 128.510000 172 163 157
306.350000 183.270000 452.820000 200.980000 59 173 219
927.810000 182.960000 1127.670000 118.410000 69 63 56
228.470000 182.690000 388.570000 207.150000 194 250 255
348.570000 182.140000 488.660000 194.630000 127 236 255
272.960000 179.690000 424.320000 201.290000 114 240 255
269.970000 175.860000 422.090000 197.480000 77 160 205
867.950000 171.170000 1061.190000 113.490000 68 57 56
275.640000 170.100000 426.880000 192.180000 155 255 255
764.780000 169.250000 949.450000 118.750000 59 38 37
357.070000 169.120000 496.890000 181.650000 113 229 255
317.380000 168.980000 462.390000 185.160000 57 202 232
582.230000 168.140000 734.960000 146.350000 255 250 255
964.550000 167.320000 1166.050000 100.790000 213 209 219
578.330000 166.970000 730.280000 144.680000 71 64 65
554.420000 166.590000 704.140000 147.460000 223 215 214
931.970000 164.760000 1132.400000 96.540000 167 157 151
273.550000 165.220000 425.000000 188.210000 74 148 202
164.220000 162.290000 336.980000 196.580000 64 170 196
888.720000 158.760000 1083.050000 95.000000 75 62 58
341.270000 157.030000 482.530000 172.450000 40 177 213
886.090000 146.020000 1080.200000 81.810000 73 61 53
553.250000 145.960000 702.740000 126.450000 225 212 213
544.760000 143.240000 692.750000 126.080000 255 251 249
567.380000 138.660000 717.740000 116.940000 85 76 70
833.860000 133.880000 1020.330000 71.850000 185 178 181
925.910000 131.630000 1125.070000 60.710000 128 125 130
792.970000 130.080000 974.490000 73.100000 109 119 138
859.630000 128.440000 1048.530000 64.820000 132 120 115
636.960000 121.440000 797.350000 86.530000 251 250 253
906.720000 114.610000 1101.270000 42.830000 143 141 143
906.720000 114.610000 1101.270000 42.830000 143 141 143
622.120000 109.890000 778.050000 77.420000 250 246 252
806.860000 107.310000 992.040000 46.600000 108 105 106
418.530000 107.620000 559.700000 112.730000 177 162 153
726.470000 104.950000 906.760000 50.410000 103 83 76
389.810000 104.340000 530.640000 114.750000 114 250 255
619.180000 100.430000 775.100000 68.700000 132 122 113
392.020000 100.260000 532.490000 110.110000 29 82 101
441.010000 99.650000 580.840000 100.910000 155 151 149
773.550000 98.100000 956.320000 42.260000 13 6 3
484.630000 91.500000 627.070000 82.910000 60 53 60
772.260000 90.350000 953.000000 30.010000 61 54 53
442.910000 89.840000 582.220000 91.250000 255 250 255
459.890000 87.750000 600.880000 84.920000 211 206 186
608.470000 87.780000 763.050000 56.460000 176 159 152
851.680000 83.000000 1037.900000 13.850000 155 155 163
403.290000 81.610000 543.170000 90.490000 201 203 211
782.420000 78.710000 963.940000 16.700000 50 43 46
821.830000 76.910000 1006.050000 9.560000 85 79 67
561.590000 74.920000 709.480000 52.430000 255 246 239
435.090000 73.520000 574.140000 76.920000 246 248 255
652.800000 59.550000 816.140000 14.520000 123 111 106
652.800000 59.550000 816.140000 14.520000 123 111 106
421.460000 47.120000 560.590000 53.220000 207 203 183
419.130000 42.320000 560.180000 45.120000 173 167 160
420.600000 38.180000 560.180000 45.120000 168 162 155
448.290000 33.750000 586.760000 34.690000 53 48 66
548.460000 33.110000 693.870000 12.350000 218 207 199
443.860000 30.360000 582.570000 32.440000 171 171 178
443.860000 30.360000 582.570000 32.440000 171 171 178
328.650000 833.870000 545.970000 832.780000 162 145 135
596.420000 821.410000 844.140000 850.790000 210 187 172
107.480000 800.340000 333.390000 771.940000 157 151 148
647.470000 799.600000 895.450000 829.050000 238 219 208
247.610000 792.940000 453.880000 777.290000 181 169 164
289.790000 785.420000 491.040000 773.400000 221 210 200
89.740000 731.530000 306.240000 702.800000 161 171 170
377.240000 728.620000 554.360000 720.220000 166 149 146
613.840000 719.440000 808.390000 726.370000 207 179 164
760.510000 706.600000 982.110000 723.560000 208 188 181
424.640000 702.260000 596.050000 696.760000 221 199 188
815.770000 700.420000 1048.390000 720.740000 186 164 150
496.920000 693.560000 665.870000 690.640000 197 178 160
572.000000 691.810000 751.230000 693.920000 248 236 222
500.960000 688.420000 670.790000 685.980000 163 151 133
547.920000 686.990000 721.850000 687.550000 253 240 225
537.780000 684.920000 708.750000 684.260000 254 241 224
535.830000 681.210000 705.630000 680.050000 109 95 78
705.530000 679.920000 915.730000 689.030000 28 20 15
535.610000 677.670000 702.740000 676.420000 209 195 178
413.990000 674.930000 579.050000 667.030000 202 182 171
742.780000 669.760000 954.910000 680.080000 134 135 55
776.550000 668.640000 988.050000 679.830000 143 123 116
506.470000 666.930000 674.350000 663.510000 176 167 156
540.120000 660.790000 706.670000 658.190000 57 43 30
769.440000 654.770000 980.120000 663.800000 240 216 201
741.000000 651.510000 952.270000 658.220000 210 213 156
725.540000 651.020000 934.370000 657.010000 212 196 185
661.530000 651.060000 854.480000 653.880000 62 54 39
658.590000 649.330000 851.630000 651.400000 180 175 159
658.590000 649.330000 851.630000 651.400000 180 175 159
723.200000 642.400000 931.240000 647.130000 45 38 24
379.370000 634.240000 534.380000 625.500000 253 248 241
378.030000 631.180000 532.590000 622.560000 102 89 84
361.460000 630.510000 517.650000 620.580000 216 208 196
332.910000 620.960000 490.920000 611.470000 178 168 154
252.940000 620.420000 417.790000 608.020000 248 253 243
262.470000 620.140000 425.950000 607.600000 61 76 27
425.250000 616.200000 583.230000 609.420000 50 34 18
425.250000 616.200000 583.230000 609.420000 50 34 18
432.070000 612.710000 589.170000 605.520000 123 103 96
428.360000 613.370000 586.310000 606.140000 255 246 233
181.230000 612.000000 355.670000 597.370000 65 62 88
370.750000 611.230000 525.970000 602.280000 54 61 37
623.670000 610.430000 793.370000 607.980000 102 93 77
373.460000 608.880000 528.400000 599.960000 186 199 162
773.980000 606.860000 982.380000 608.860000 76 51 40
750.140000 603.450000 952.280000 604.010000 146 120 109
223.550000 603.120000 389.000000 590.410000 132 127 109
167.190000 602.570000 344.800000 588.900000 54 58 69
254.110000 595.640000 418.030000 584.410000 155 164 118
247.690000 593.880000 408.010000 582.630000 63 73 22
204.480000 594.290000 373.540000 582.860000 180 174 166
989.670000 592.440000 1225.980000 601.900000 125 109 106
982.880000 589.320000 1217.580000 598.220000 117 101 100
771.450000 587.250000 980.010000 586.370000 55 33 21
757.540000 586.560000 963.200000 584.950000 244 227 210
757.540000 586.560000 963.200000 584.950000 244 227 210
985.760000 585.050000 1220.670000 593.100000 63 51 40
754.870000 583.410000 959.810000 582.010000 148 120 99
765.060000 583.050000 972.970000 581.650000 64 45 34
637.210000 582.070000 806.560000 577.920000 105 118 112
875.320000 581.260000 1088.120000 584.030000 140 129 122
881.490000 580.290000 1096.290000 581.790000 142 126 117
443.100000 574.380000 593.510000 568.630000 213 196 172
381.310000 574.440000 531.360000 567.520000 45 40 56
922.040000 572.620000 1144.760000 576.040000 95 75 68
310.640000 572.510000 460.430000 565.170000 60 50 47
132.870000 570.190000 312.630000 559.700000 33 28 44
191.130000 569.310000 358.040000 559.510000 136 120 117
207.390000 567.430000 371.800000 558.050000 63 49 36
653.850000 565.420000 830.890000 560.580000 22 19 11
310.190000 562.730000 460.030000 556.070000 58 48 43
872.340000 559.350000 1083.350000 558.630000 117 110 104
194.900000 559.420000 361.480000 550.070000 195 179 176
871.570000 553.210000 1083.370000 552.920000 79 73 69
457.810000 552.330000 608.350000 546.410000 218 205 187
310.600000 551.740000 460.090000 544.540000 57 46 38
343.320000 548.890000 485.130000 543.740000 15 8 9
357.260000 548.310000 497.250000 543.320000 17 11 15
365.880000 547.940000 506.260000 543.010000 26 21 25
1006.910000 545.800000 1232.930000 542.700000 116 108 109
625.360000 542.900000 794.190000 536.100000 122 111 99
870.310000 542.040000 1080.640000 538.690000 74 67 68
195.200000 542.030000 361.410000 535.720000 227 212 203
611.090000 540.020000 779.260000 533.060000 39 19 5
842.800000 536.460000 1053.830000 530.770000 165 150 139
949.840000 532.260000 1174.470000 527.760000 49 40 31
65.000000 532.180000 261.290000 526.480000 82 80 90
760.430000 529.900000 965.260000 521.820000 53 33 24
182.910000 527.640000 350.350000 523.130000 58 53 69
450.710000 525.740000 626.170000 515.200000 100 86 69
206.170000 522.960000 370.020000 519.120000 206 193 171
196.410000 522.620000 362.200000 518.280000 219 204 195
509.360000 514.840000 652.340000 510.350000 102 88 73
515.300000 513.810000 652.340000 510.350000 94 80 65
758.580000 510.340000 962.550000 499.510000 76 53 40
260.610000 510.060000 422.590000 505.110000 44 37 33
562.220000 506.040000 722.500000 497.590000 69 49 36
308.930000 506.260000 458.100000 502.580000 69 63 44
569.010000 504.320000 730.840000 496.210000 63 50 37
552.020000 503.750000 711.040000 496.250000 252 246 230
181.530000 503.170000 348.800000 501.550000 124 113 131
607.170000 500.380000 772.680000 492.260000 199 180 165
562.580000 499.310000 722.950000 491.130000 80 60 49
432.160000 497.080000 581.000000 490.990000 255 250 234
623.410000 493.350000 793.390000 483.720000 62 55 33
627.180000 492.540000 797.590000 482.770000 43 33 9
612.260000 492.150000 780.710000 482.640000 255 255 235
444.970000 489.240000 593.400000 484.800000 114 115 119
725.700000 486.500000 919.420000 473.470000 145 126 115
464.980000 486.590000 614.460000 480.480000 58 52 46
374.870000 486.420000 513.180000 485.410000 85 83 88
197.590000 486.120000 363.080000 484.950000 239 227 223
202.750000 485.700000 367.140000 484.610000 141 132 119
738.930000 484.490000 937.220000 470.460000 142 123 108
559.070000 483.720000 718.680000 475.370000 213 206 191
194.910000 483.000000 360.280000 483.440000 158 147 145
116.900000 481.820000 299.640000 482.200000 53 48 61
17.930000 480.870000 230.270000 481.650000 112 111 126
906.870000 480.740000 1122.090000 467.340000 105 94 87
995.390000 477.820000 1223.730000 463.350000 97 79 64
558.570000 477.590000 718.480000 471.500000 221 215 201
1023.630000 476.960000 1252.810000 465.050000 105 93 99
17.050000 477.250000 229.560000 479.020000 52 51 64
279.580000 474.010000 433.230000 473.180000 172 168 153
470.050000 473.470000 619.650000 469.900000 74 75 77
320.270000 472.320000 523.360000 464.090000 114 110 110
294.340000 471.730000 444.830000 471.390000 61 56 44
171.030000 470.850000 339.940000 472.510000 132 128 151
758.690000 469.130000 961.620000 453.140000 40 29 17
975.200000 468.320000 1197.220000 453.170000 82 75 65
260.350000 468.340000 416.300000 467.970000 53 50 38
339.400000 467.590000 482.060000 467.020000 66 57 64
956.130000 465.750000 1176.390000 450.600000 100 87 74
371.650000 465.590000 510.170000 464.810000 68 64 67
80.710000 465.380000 273.970000 468.460000 74 72 79
756.520000 464.550000 957.300000 447.970000 240 229 219
756.520000 464.550000 957.300000 447.970000 240 229 219
68.760000 461.260000 265.000000 465.340000 174 170 180
582.780000 460.320000 744.800000 449.730000 136 125 117
268.430000 456.980000 422.560000 456.710000 177 174 166
592.200000 455.810000 754.450000 445.290000 91 91 87
18.070000 456.040000 229.720000 461.670000 60 58 68
83.860000 446.830000 275.640000 452.240000 82 78 89
612.870000 445.590000 778.330000 433.710000 31 42 45
629.590000 443.670000 798.870000 430.420000 255 248 249
1008.300000 440.750000 1231.570000 420.480000 39 27 22
92.990000 440.900000 281.890000 446.820000 70 70 96
260.000000 440.280000 464.700000 431.310000 198 194 192
260.000000 440.280000 415.490000 442.150000 198 194 192
831.710000 439.410000 1034.170000 419.970000 133 126 115
612.430000 438.780000 777.470000 426.790000 43 54 57
644.400000 438.110000 814.940000 425.220000 188 192 191
361.500000 437.490000 500.770000 438.010000 71 76 118
261.630000 436.240000 417.060000 439.070000 82 81 79
254.140000 435.770000 411.410000 439.340000 80 77 73
838.720000 434.310000 1040.510000 414.510000 60 58 45
852.390000 433.340000 1054.370000 413.820000 142 145 148
649.790000 432.730000 818.090000 418.740000 246 254 250
224.120000 433.110000 384.670000 437.300000 48 45 47
883.590000 428.210000 1090.960000 406.960000 74 62 52
1005.270000 424.330000 1226.600000 402.240000 39 23 20
322.280000 424.500000 469.180000 425.830000 174 181 177
198.290000 424.840000 362.730000 430.270000 103 115 120
471.180000 423.100000 621.940000 415.880000 177 182 187
275.950000 422.370000 427.230000 425.740000 86 86 92
426.400000 420.480000 574.670000 416.750000 225 211 194
283.020000 417.820000 433.310000 421.090000 182 186 181
477.840000 416.480000 627.820000 409.760000 74 72 71
375.110000 415.620000 514.990000 416.190000 117 116 121
1009.990000 414.930000 1232.220000 390.560000 88 75 75
1003.570000 412.940000 1224.900000 389.340000 86 73 69
163.430000 410.720000 337.250000 417.630000 206 230 245
163.430000 410.720000 337.250000 417.630000 206 230 245
690.980000 405.150000 873.460000 385.410000 255 251 238
1008.180000 404.480000 1228.680000 375.910000 74 62 57
1008.180000 404.480000 1228.680000 375.910000 74 62 57
477.320000 401.890000 627.300000 394.940000 43 40 35
1004.060000 397.770000 1224.320000 370.340000 159 149 144
479.780000 394.260000 629.480000 387.080000 225 217 200
205.270000 393.550000 368.010000 400.190000 117 122 114
322.850000 392.080000 466.420000 396.030000 204 222 234
69.700000 392.080000 265.350000 407.000000 188 188 195
476.030000 385.670000 625.860000 378.540000 66 51 32
687.360000 385.020000 867.890000 363.710000 248 240 225
938.930000 382.300000 1151.580000 352.460000 145 137 136
433.060000 382.010000 576.700000 379.870000 219 199 188
910.600000 379.920000 1116.690000 349.590000 68 68 75
938.220000 375.730000 1151.220000 344.780000 67 55 51
592.560000 375.660000 751.920000 361.130000 171 195 214
922.070000 374.480000 1132.030000 343.450000 213 204 193
742.460000 374.060000 937.000000 347.370000 65 46 33
589.480000 374.220000 749.200000 359.770000 42 43 48
350.710000 372.240000 491.730000 376.170000 63 107 153
279.280000 371.010000 430.360000 378.500000 56 138 189
603.850000 370.710000 765.370000 357.180000 198 207 229
562.030000 364.790000 718.970000 351.060000 219 209 203
979.750000 364.480000 1199.640000 331.990000 129 116 111
360.950000 364.480000 501.080000 368.750000 135 252 254
623.650000 362.340000 789.680000 345.150000 219 225 228
574.020000 359.830000 732.970000 345.310000 229 218 208
910.080000 359.380000 1115.360000 326.330000 126 120 113
939.250000 357.700000 1151.020000 323.990000 74 61 62
220.350000 357.380000 383.220000 368.490000 49 72 98
919.100000 354.740000 1128.030000 320.970000 19 10 4
561.890000 354.100000 718.420000 341.080000 241 231 225
870.030000 349.970000 1072.430000 318.220000 105 97 100
369.260000 348.260000 508.860000 353.770000 210 246 254
365.390000 348.330000 504.500000 352.830000 89 138 167
421.930000 347.900000 567.940000 344.970000 233 217 204
1007.060000 346.030000 1225.330000 307.250000 38 34 45
927.320000 343.670000 1136.520000 305.880000 74 59 52
595.380000 344.060000 752.470000 329.460000 37 42 95
560.960000 344.060000 717.550000 330.020000 187 177 171
825.150000 343.740000 1019.950000 312.370000 74 75 66
800.740000 343.560000 996.440000 312.470000 152 134 131
800.740000 343.560000 996.440000 312.470000 152 134 131
599.490000 342.200000 760.790000 325.070000 27 35 92
854.080000 340.210000 1051.360000 307.130000 17 12 18
432.270000 340.400000 577.700000 337.390000 213 205 197
417.660000 340.110000 563.670000 338.340000 182 166 154
940.250000 339.120000 1151.080000 302.330000 126 110 106
607.330000 338.430000 760.790000 325.070000 23 35 83
951.930000 337.920000 1164.560000 298.790000 151 136 125
849.270000 337.880000 1044.350000 304.070000 31 31 48
231.460000 337.720000 390.240000 349.320000 182 221 251
998.890000 337.500000 1215.570000 298.820000 111 99 105
561.170000 337.440000 717.360000 322.640000 216 204 194
377.900000 334.370000 514.970000 339.720000 93 136 186
862.040000 332.520000 1061.750000 297.750000 32 26 22
618.540000 332.720000 783.650000 313.420000 53 50 42
187.100000 331.470000 356.440000 346.100000 239 246 252
938.860000 329.520000 1150.270000 290.360000 103 84 87
943.600000 328.920000 1155.180000 289.680000 60 48 40
825.800000 328.090000 1020.670000 293.780000 156 150 146
685.050000 327.290000 863.250000 301.430000 255 254 237
835.630000 325.500000 1033.220000 292.290000 55 45 42
998.230000 323.890000 1213.130000 281.070000 50 41 51
892.600000 323.320000 1095.340000 285.000000 55 38 32
827.500000 322.000000 1022.670000 286.880000 53 47 43
651.370000 321.030000 820.880000 298.030000 165 193 253
655.570000 318.950000 820.880000 298.030000 129 151 232
330.680000 319.160000 474.670000 326.690000 66 86 102
962.040000 317.900000 1175.960000 276.830000 66 53 54
848.740000 317.000000 1047.920000 280.070000 39 32 25
860.120000 315.890000 1060.400000 278.270000 56 44 34
961.500000 314.270000 1175.560000 272.140000 63 50 53
955.070000 311.590000 1167.340000 269.370000 77 66 70
351.120000 311.910000 494.600000 318.310000 64 97 132
344.510000 310.470000 487.540000 317.450000 166 209 238
790.240000 308.960000 983.240000 272.890000 153 139 129
476.820000 307.540000 622.150000 302.000000 237 231 233
683.800000 306.970000 859.910000 280.460000 194 187 188
159.350000 304.920000 335.400000 323.550000 196 207 220
528.950000 303.070000 679.780000 290.950000 184 165 145
528.950000 303.070000 679.780000 290.950000 184 165 145
789.900000 301.550000 983.630000 265.320000 163 151 142
692.880000 300.420000 872.350000 270.740000 68 54 37
953.660000 299.220000 1164.130000 254.030000 104 96 95
484.370000 298.240000 630.910000 290.850000 72 112 127
870.540000 296.090000 1069.910000 255.640000 122 110 102
65.540000 296.230000 266.020000 320.460000 204 254 255
688.960000 292.780000 867.650000 263.110000 244 234 211
807.770000 291.000000 1003.320000 252.840000 172 162 156
890.600000 288.590000 1091.840000 246.500000 133 121 116
853.930000 285.080000 1049.360000 243.120000 153 136 126
984.840000 278.330000 1194.880000 228.860000 152 144 151
675.370000 278.050000 850.990000 248.890000 252 239 223
675.370000 278.050000 850.990000 248.890000 252 239 223
959.000000 277.150000 1170.520000 229.200000 143 130 126
838.340000 275.780000 1034.000000 233.880000 137 120 112
102.940000 271.280000 291.370000 297.560000 227 255 255
826.080000 267.970000 1019.710000 225.690000 132 117 110
356.530000 267.610000 496.850000 276.220000 63 160 201
295.420000 267.340000 444.500000 280.210000 60 81 114
291.980000 267.480000 441.550000 281.010000 188 233 254
434.300000 266.720000 579.520000 263.380000 134 125 114
434.030000 262.310000 577.280000 261.060000 99 90 81
440.400000 256.720000 585.020000 253.340000 130 121 112
1040.900000 252.400000 1269.950000 192.040000 38 58 61
449.900000 252.350000 593.600000 248.990000 132 123 112
494.050000 250.540000 640.620000 241.110000 179 169 162
1006.930000 250.010000 1223.160000 193.840000 75 72 87
206.930000 248.780000 371.570000 271.650000 162 243 254
779.100000 248.610000 968.170000 206.850000 161 140 138
985.980000 248.380000 1195.910000 196.450000 79 75 85
490.910000 244.060000 637.450000 234.920000 228 238 243
367.400000 241.170000 507.270000 249.580000 171 212 230
858.880000 240.590000 1053.560000 191.580000 129 117 113
571.640000 236.410000 726.040000 217.270000 151 139 129
797.960000 235.270000 988.150000 190.130000 54 42 37
998.300000 234.510000 1211.210000 176.280000 33 26 29
1027.270000 232.770000 1251.440000 170.150000 13 64 78
583.610000 231.300000 737.890000 212.110000 250 246 232
841.790000 230.720000 1035.230000 182.650000 158 149 140
594.390000 228.470000 751.840000 206.270000 153 145 138
931.480000 227.590000 1133.660000 170.970000 129 123 128
899.430000 225.560000 1098.470000 171.560000 104 92 90
422.920000 223.790000 565.750000 224.320000 254 244 235
927.050000 223.550000 1129.590000 166.900000 129 122 125
556.270000 223.920000 708.390000 207.140000 216 208 207
340.870000 219.260000 482.450000 232.170000 123 231 255
336.960000 219.730000 478.910000 232.640000 69 144 190
470.670000 217.980000 614.310000 213.070000 169 159 148
424.550000 217.780000 567.180000 219.560000 130 118 111
482.070000 216.830000 629.130000 206.580000 130 119 109
898.920000 215.800000 1097.110000 160.020000 103 90 93
185.560000 216.280000 354.550000 242.400000 87 132 155
883.530000 214.340000 1077.190000 160.040000 46 46 55
782.450000 213.410000 969.650000 166.450000 86 74 62
470.760000 213.740000 615.820000 206.700000 208 199 188
900.900000 212.130000 1099.660000 156.550000 135 122 127
487.770000 211.140000 632.940000 203.620000 143 128 119
487.770000 211.140000 632.940000 203.620000 143 128 119
313.430000 209.580000 458.930000 224.880000 29 124 170
721.880000 207.040000 906.450000 163.620000 214 200 204
900.590000 206.630000 1099.080000 149.350000 151 138 143
862.960000 206.000000 1056.730000 152.990000 85 74 74
181.650000 206.250000 351.030000 233.060000 207 254 255
617.150000 204.080000 777.120000 177.240000 123 121 110
990.830000 204.120000 1200.180000 140.570000 207 213 220
887.790000 203.140000 1083.510000 146.750000 105 105 104
705.930000 200.150000 887.000000 158.100000 240 226 209
264.520000 199.080000 418.530000 219.020000 55 145 190
961.880000 196.870000 1163.740000 135.400000 229 218 213
896.160000 197.200000 1092.940000 138.350000 67 59 64
933.600000 196.560000 1136.360000 136.050000 90 78 73
240.960000 194.750000 398.860000 217.820000 177 247 255
989.500000 193.780000 1197.420000 128.640000 129 218 234
888.500000 192.660000 1084.210000 133.060000 78 70 75
772.800000 192.480000 959.970000 143.470000 144 131 111
767.680000 190.230000 952.700000 141.240000 59 42 34
748.860000 183.690000 933.040000 136.390000 151 131 120
462.410000 180.390000 604.540000 177.160000 225 250 253
290.680000 178.370000 439.680000 198.480000 60 176 209
671.280000 177.390000 842.100000 139.800000 250 227 218
321.370000 177.450000 466.090000 193.750000 117 242 255
321.370000 177.450000 466.090000 193.750000 117 242 255
346.030000 172.750000 487.110000 186.130000 71 167 213
303.290000 172.960000 450.930000 192.330000 139 238 255
310.060000 172.010000 455.900000 189.980000 105 246 255
391.480000 171.230000 533.520000 177.780000 138 180 192
467.870000 170.980000 610.200000 166.880000 130 120 124
467.870000 170.980000 610.200000 166.880000 130 120 124
896.010000 170.380000 1092.530000 109.520000 79 67 59
411.980000 170.070000 553.570000 173.570000 189 179 183
871.330000 169.170000 1063.140000 108.860000 115 104 108
350.850000 169.310000 491.360000 182.700000 139 231 255
302.460000 169.020000 449.680000 187.580000 142 242 255
266.930000 169.100000 419.880000 191.840000 55 170 210
964.680000 167.190000 1166.050000 100.790000 213 209 219
480.110000 166.370000 620.020000 163.240000 165 163 170
707.260000 164.380000 886.970000 118.810000 253 234 222
720.590000 164.090000 902.970000 116.710000 83 62 56
889.800000 163.500000 1084.000000 101.560000 80 68 61
863.950000 163.190000 1054.940000 102.400000 154 142 140
726.790000 159.820000 909.400000 110.390000 140 119 110
674.880000 156.420000 845.920000 116.720000 233 215 205
674.880000 156.420000 845.920000 116.720000 233 215 205
485.260000 156.380000 627.450000 149.910000 253 252 251
773.410000 147.400000 957.010000 93.400000 80 75 79
282.520000 145.360000 431.950000 168.150000 142 242 255
570.410000 142.530000 721.110000 121.160000 171 165 169
540.710000 142.590000 689.020000 125.490000 175 155 148
833.880000 138.560000 1020.830000 78.380000 76 71 75
508.770000 138.130000 653.790000 126.670000 181 163 153
667.380000 136.910000 835.440000 96.400000 244 234 230
443.410000 134.740000 584.370000 134.140000 193 192 196
791.540000 133.860000 973.240000 77.660000 15 25 52
561.400000 132.650000 711.700000 111.300000 174 161 153
793.150000 130.460000 974.490000 73.100000 130 140 159
392.510000 123.780000 533.260000 132.950000 139 160 173
869.550000 118.770000 1059.320000 52.260000 84 75 64
866.180000 118.990000 1055.800000 53.040000 155 150 140
514.150000 119.060000 658.580000 107.030000 184 167 157
422.730000 118.570000 563.560000 121.930000 255 252 244
405.800000 118.170000 546.460000 124.950000 180 164 165
419.260000 117.290000 560.100000 121.250000 180 167 162
519.120000 115.160000 664.170000 101.120000 177 157 148
794.090000 112.650000 976.530000 53.550000 86 79 73
661.450000 107.210000 827.790000 65.610000 255 246 247
594.180000 101.500000 747.130000 74.050000 185 173 168
672.810000 101.170000 841.430000 55.600000 243 229 217
764.210000 96.230000 944.970000 35.730000 92 84 77
820.300000 91.910000 1005.040000 26.340000 125 114 106
419.190000 92.100000 560.210000 97.720000 172 165 158
738.950000 88.290000 918.450000 30.550000 147 129 127
724.390000 88.710000 903.970000 32.460000 146 128 125
601.080000 87.540000 754.060000 57.490000 190 174 166
601.080000 87.540000 754.060000 57.490000 190 174 166
763.040000 85.100000 942.800000 23.890000 89 76 72
842.520000 78.640000 1026.760000 7.960000 77 65 63
828.120000 78.500000 1011.980000 9.740000 186 177 168
840.030000 76.390000 1026.760000 7.960000 78 68 64
567.920000 74.070000 716.800000 49.750000 156 144 136
763.040000 72.730000 942.080000 11.030000 94 83 79
487.960000 72.490000 629.350000 65.320000 213 206 207
567.240000 70.490000 715.920000 45.970000 244 235 227
738.490000 67.890000 916.090000 7.570000 155 138 136
415.520000 65.160000 554.970000 72.070000 210 200 195
419.360000 64.060000 559.210000 70.260000 100 96 96
499.760000 57.240000 637.420000 52.130000 199 191 196
650.870000 49.130000 812.600000 5.120000 165 151 146
504.390000 30.360000 645.380000 20.260000 224 214 200
413.430000 30.620000 553.300000 34.580000 59 98 126
469.980000 9.120000 608.850000 6.060000 223 221 226
477.250000 8.140000 615.490000 4.850000 254 252 255
452.790000 2.730000 591.040000 3.710000 82 80 75
440.200000 851.190000 674.440000 867.440000 200 182 182
138.190000 846.460000 368.720000 822.830000 210 203 196
195.500000 837.960000 418.610000 821.200000 185 173 163
210.680000 812.560000 424.800000 794.840000 165 155 149
274.970000 807.220000 482.580000 796.060000 165 154 146
311.100000 760.510000 502.280000 749.580000 204 189 180
394.090000 748.570000 580.090000 743.540000 255 245 241
676.190000 727.980000 887.980000 742.080000 121 100 103
625.360000 726.900000 823.430000 736.580000 154 127 112
638.010000 715.370000 835.000000 724.350000 185 167 149
613.330000 705.810000 808.520000 712.390000 138 119 101
682.490000 692.690000 892.760000 702.060000 109 109 95
529.990000 688.020000 701.530000 687.420000 200 186 169
628.020000 686.970000 825.070000 692.740000 101 97 81
715.540000 684.420000 928.550000 694.840000 191 186 170
515.910000 681.540000 684.630000 679.430000 104 93 77
556.640000 681.270000 730.090000 681.970000 124 110 96
715.590000 680.250000 928.030000 690.000000 230 226 210
800.010000 678.970000 1021.800000 692.840000 167 53 12
555.760000 676.170000 730.060000 676.330000 119 105 90
500.160000 674.570000 669.300000 671.590000 85 74 62
509.030000 673.850000 675.970000 673.260000 248 244 232
417.110000 673.630000 579.530000 662.830000 94 74 60
515.540000 672.470000 684.290000 669.630000 187 175 163
472.790000 670.260000 635.440000 666.140000 90 79 63
442.700000 670.410000 606.750000 664.640000 128 108 92
574.360000 667.990000 743.410000 668.110000 120 106 93
635.360000 666.070000 828.670000 669.280000 147 138 125
819.220000 663.860000 1033.670000 676.590000 116 97 85
366.210000 663.040000 527.560000 653.500000 164 144 135
734.530000 662.280000 945.870000 671.760000 218 211 187
682.860000 662.440000 814.610000 661.120000 16 10 3
773.540000 661.910000 984.480000 672.100000 100 75 63
819.800000 661.200000 1035.520000 673.150000 72 53 40
770.400000 657.680000 981.060000 667.390000 103 82 65
576.660000 656.380000 741.830000 655.740000 197 182 171
774.970000 654.480000 985.690000 663.720000 142 117 106
474.020000 654.490000 635.360000 649.160000 81 76 68
700.440000 654.030000 908.250000 659.900000 196 176 161
772.460000 652.360000 983.020000 661.530000 114 86 71
770.740000 648.170000 980.630000 656.260000 133 104 87
709.980000 647.050000 916.920000 652.240000 201 182 162
514.460000 646.880000 682.990000 643.860000 202 192 178
732.630000 645.100000 941.750000 650.560000 175 168 147
642.840000 645.020000 834.110000 647.790000 250 239 225
542.020000 643.880000 708.580000 642.880000 243 233 221
657.470000 636.190000 848.370000 637.340000 58 53 43
719.530000 634.020000 926.200000 637.660000 234 217 209
216.090000 633.990000 388.220000 618.630000 98 98 111
936.800000 633.010000 1172.370000 647.520000 53 40 38
234.090000 630.510000 401.470000 616.160000 85 84 75
862.900000 629.070000 1079.900000 639.070000 59 47 37
339.790000 625.280000 497.910000 616.260000 187 170 160
363.210000 623.740000 518.420000 614.780000 86 78 63
363.210000 623.740000 518.420000 614.780000 86 78 63
888.090000 620.190000 1107.850000 629.790000 92 73 66
811.790000 619.720000 1023.160000 625.510000 139 117 107
544.100000 619.070000 712.090000 615.470000 241 233 215
768.970000 618.320000 977.360000 622.000000 123 98 89
861.810000 617.570000 1078.590000 625.180000 54 43 31
347.530000 617.480000 504.290000 607.880000 161 161 141
305.910000 617.390000 463.400000 606.590000 104 128 50
170.840000 612.090000 348.110000 597.620000 50 49 72
705.620000 607.420000 895.240000 607.680000 151 112 119
680.250000 607.020000 862.710000 606.240000 164 126 125
744.440000 603.370000 945.900000 603.850000 150 126 103
725.290000 602.770000 920.540000 603.130000 169 139 106
676.240000 602.870000 856.890000 601.110000 166 130 115
665.430000 602.840000 844.700000 601.210000 167 133 107
665.430000 602.840000 844.700000 601.210000 167 133 107
766.590000 598.420000 974.250000 599.170000 105 80 69
766.590000 598.420000 974.250000 599.170000 105 80 69
663.090000 596.710000 842.220000 594.650000 234 205 172
339.680000 596.380000 484.880000 588.030000 186 187 177
756.680000 593.540000 961.610000 593.460000 160 131 119
743.550000 593.380000 944.720000 593.110000 153 127 112
817.900000 593.140000 1029.560000 595.270000 80 60 45
622.640000 591.520000 792.090000 588.480000 102 98 84
212.930000 590.980000 380.570000 580.030000 141 141 118
763.020000 590.660000 970.640000 590.210000 211 192 179
773.250000 589.980000 981.540000 589.150000 115 90 79
745.230000 588.510000 946.330000 587.340000 152 127 109
992.460000 587.420000 1229.730000 596.130000 101 86 79
754.220000 586.580000 957.760000 585.450000 240 220 203
314.960000 586.370000 464.550000 578.020000 94 99 77
660.670000 585.570000 838.560000 582.480000 153 124 117
773.630000 584.070000 980.990000 583.220000 107 87 76
773.630000 584.070000 980.990000 583.220000 107 87 76
1011.580000 583.460000 1252.980000 591.820000 121 107 108
1011.580000 583.460000 1252.980000 591.820000 121 107 108
797.130000 583.040000 1005.650000 583.200000 74 54 47
760.710000 582.910000 967.140000 581.420000 148 123 106
697.340000 582.420000 884.970000 579.650000 227 202 157
985.780000 581.820000 1221.510000 589.080000 199 188 172
309.440000 582.070000 459.710000 573.860000 61 60 46
826.890000 580.320000 1038.170000 580.680000 168 149 138
781.510000 578.460000 988.560000 576.820000 107 87 78
776.240000 578.730000 988.560000 576.820000 108 89 78
142.340000 578.360000 321.690000 566.740000 108 104 116
142.340000 578.360000 321.690000 566.740000 108 104 116
801.200000 577.690000 1010.740000 576.370000 55 35 28
277.220000 577.510000 430.290000 568.870000 51 53 40
788.180000 574.740000 996.140000 572.830000 69 49 40
795.730000 573.760000 1004.620000 571.860000 92 72 63
760.250000 573.150000 965.730000 570.400000 122 100 87
778.030000 570.890000 983.800000 568.600000 88 69 58
657.040000 570.830000 834.620000 566.470000 232 216 202
312.150000 569.330000 462.120000 561.910000 159 149 146
780.290000 568.580000 987.580000 566.010000 138 118 109
832.530000 568.040000 1044.390000 566.710000 59 42 33
737.470000 564.310000 935.310000 560.370000 153 125 96
737.470000 564.310000 935.310000 560.370000 153 125 96
547.590000 563.180000 706.630000 557.690000 159 140 122
654.170000 561.160000 831.280000 555.430000 86 78 62
621.140000 561.040000 789.490000 555.230000 102 92 83
456.620000 558.980000 606.530000 552.760000 110 93 83
642.950000 558.680000 815.960000 553.550000 123 119 119
460.610000 558.300000 611.360000 552.590000 128 111 105
610.930000 555.640000 779.300000 550.230000 119 105 88
655.680000 554.660000 776.900000 548.420000 188 182 154
761.690000 554.070000 967.980000 548.550000 94 75 60
757.300000 554.050000 961.280000 548.700000 140 121 106
608.290000 553.920000 776.900000 548.420000 224 206 188
640.080000 553.130000 812.140000 547.990000 132 129 124
755.150000 551.950000 958.770000 546.580000 216 195 181
350.570000 548.890000 491.960000 543.670000 16 12 14
798.300000 547.780000 1005.680000 542.480000 167 147 140
761.420000 544.190000 967.330000 537.520000 88 68 58
777.440000 540.760000 983.680000 534.070000 114 95 84
869.680000 538.130000 1080.080000 533.970000 68 61 62
754.820000 537.850000 958.320000 530.450000 214 194 183
791.670000 537.640000 998.640000 530.540000 49 29 22
387.240000 534.900000 535.160000 529.550000 231 230 222
774.040000 529.430000 978.680000 521.210000 69 50 37
674.570000 529.180000 855.960000 521.590000 158 129 117
767.080000 527.270000 971.300000 518.560000 130 110 103
690.040000 527.510000 874.250000 519.500000 156 129 111
663.930000 526.930000 843.680000 518.560000 157 133 123
749.830000 525.800000 951.720000 516.800000 138 113 102
764.520000 525.490000 968.480000 516.380000 58 38 31
958.260000 522.510000 1183.040000 517.580000 52 40 30
458.960000 521.480000 610.650000 515.370000 255 248 234
759.020000 520.120000 963.460000 510.660000 50 30 21
481.720000 517.240000 610.650000 515.370000 255 251 239
704.330000 517.100000 912.620000 510.540000 135 111 93
535.280000 512.320000 692.570000 505.620000 216 203 188
741.480000 512.260000 940.810000 501.920000 147 124 113
552.620000 510.070000 712.260000 502.420000 224 208 194
799.080000 508.270000 1005.080000 497.550000 101 84 74
744.010000 507.240000 943.500000 495.670000 133 108 97
744.010000 507.240000 943.500000 495.670000 133 108 97
819.330000 502.530000 1026.880000 491.330000 69 52 49
746.120000 502.180000 945.520000 490.440000 139 114 101
774.610000 501.650000 977.320000 489.560000 66 47 34
812.340000 499.710000 1018.660000 488.030000 132 116 112
802.180000 497.540000 1007.150000 485.330000 47 32 23
282.240000 494.660000 435.370000 491.820000 67 64 38
567.110000 492.950000 727.740000 484.750000 56 39 28
726.390000 491.310000 920.450000 478.860000 143 124 113
196.910000 491.190000 362.080000 490.340000 197 186 186
594.620000 489.840000 757.530000 481.000000 252 244 230
599.800000 488.890000 746.650000 482.970000 253 240 225
374.890000 486.740000 513.180000 485.410000 85 83 88
614.310000 485.880000 772.760000 478.040000 253 234 219
475.090000 484.470000 600.670000 484.480000 79 75 75
479.900000 482.870000 630.890000 475.960000 103 98 105
755.450000 482.200000 958.020000 467.600000 110 86 75
730.260000 480.840000 924.940000 467.390000 143 128 113
470.140000 481.030000 619.240000 475.750000 90 88 87
366.360000 478.510000 505.350000 476.690000 39 37 43
243.950000 477.060000 402.070000 476.100000 89 81 84
728.290000 475.960000 922.670000 462.180000 165 155 134
281.900000 471.830000 434.330000 470.310000 85 81 65
698.690000 471.470000 882.370000 457.990000 114 101 81
698.690000 471.470000 882.370000 457.990000 114 101 81
713.230000 468.470000 898.280000 454.880000 113 97 81
718.290000 467.400000 924.360000 449.410000 115 100 82
723.470000 466.420000 887.390000 456.940000 103 88 66
674.250000 466.410000 853.040000 453.100000 136 120 98
700.030000 465.310000 885.110000 451.060000 138 120 102
732.980000 464.390000 882.370000 457.990000 131 113 93
816.590000 463.260000 1019.560000 446.700000 58 44 33
737.680000 463.530000 918.180000 450.690000 116 100 86
229.310000 461.660000 389.860000 462.880000 118 109 114
722.950000 460.450000 885.110000 451.060000 161 137 121
707.890000 459.430000 894.210000 444.240000 133 109 93
626.710000 457.410000 794.730000 445.790000 148 134 109
746.260000 455.590000 944.280000 438.250000 151 133 122
639.470000 454.460000 810.060000 441.890000 142 133 106
712.890000 449.640000 903.000000 432.320000 153 126 107
657.370000 449.600000 832.410000 435.900000 147 137 124
722.350000 448.960000 913.480000 431.940000 246 222 201
844.550000 444.760000 1048.790000 425.740000 106 93 80
614.990000 442.950000 780.540000 430.550000 137 149 152
614.990000 442.950000 780.540000 430.550000 137 149 152
748.900000 441.180000 946.970000 422.170000 109 89 74
348.010000 440.510000 490.730000 441.020000 119 121 127
85.420000 440.780000 276.550000 446.460000 77 75 96
1012.130000 436.310000 1235.990000 414.840000 70 58 56
1014.670000 435.370000 1239.460000 414.590000 143 131 129
659.180000 434.300000 832.810000 419.520000 245 246 250
358.750000 434.570000 497.860000 436.880000 111 121 135
655.270000 434.020000 828.570000 418.880000 80 86 86
446.770000 433.890000 594.320000 428.830000 167 167 174
453.290000 433.590000 602.480000 428.020000 68 68 75
666.740000 432.810000 841.420000 417.420000 189 194 201
450.470000 431.990000 600.310000 426.200000 171 172 176
682.560000 430.820000 862.400000 414.490000 147 148 144
694.830000 427.720000 878.230000 410.130000 192 179 164
463.760000 426.250000 612.530000 420.360000 151 155 152
463.760000 426.250000 612.530000 420.360000 151 155 152
474.320000 424.420000 623.130000 418.700000 49 52 55
774.210000 424.020000 972.600000 402.690000 100 79 70
705.170000 422.480000 891.380000 403.350000 234 210 192
478.290000 422.660000 628.410000 415.950000 64 61 57
468.130000 421.360000 616.300000 415.870000 65 71 71
718.510000 421.230000 894.010000 405.560000 119 100 80
443.880000 417.960000 590.990000 413.330000 72 73 72
443.880000 417.960000 590.990000 413.330000 72 73 72
328.360000 416.640000 474.520000 417.900000 163 159 161
694.720000 415.130000 877.480000 396.480000 177 164 149
247.910000 414.520000 405.150000 419.260000 181 180 182
327.590000 414.060000 473.530000 414.690000 69 65 67
426.540000 413.600000 573.150000 409.510000 221 207 190
1006.520000 411.710000 1227.760000 386.960000 126 113 108
730.410000 410.700000 922.580000 389.360000 217 193 175
695.020000 410.410000 877.730000 391.350000 162 148 133
487.320000 401.180000 637.540000 394.000000 221 202 189
744.570000 400.550000 941.750000 377.170000 96 76 69
1014.030000 399.460000 1237.650000 372.220000 27 18 25
717.860000 399.470000 905.800000 377.620000 173 150 132
803.810000 395.300000 1002.470000 370.510000 46 35 27
715.670000 392.970000 902.680000 370.970000 214 195 175
863.480000 390.680000 1064.480000 361.950000 140 138 125
973.860000 389.600000 1193.720000 359.100000 124 114 111
711.360000 387.610000 898.500000 364.930000 155 136 116
486.030000 386.340000 635.970000 379.090000 222 206 192
967.540000 385.810000 1185.710000 355.550000 54 48 44
863.090000 385.090000 1064.140000 358.120000 148 146 134
713.430000 384.440000 900.590000 361.400000 224 205 185
713.160000 378.640000 899.010000 355.310000 157 138 118
483.120000 378.340000 630.980000 370.880000 229 214 201
480.470000 378.160000 630.980000 370.880000 224 210 197
776.520000 376.130000 971.870000 348.630000 47 26 17
586.510000 375.770000 746.400000 360.980000 147 143 145
590.330000 370.890000 750.170000 356.450000 190 190 194
305.780000 371.000000 455.880000 376.100000 43 82 124
305.780000 371.000000 455.880000 376.100000 43 82 124
305.200000 367.540000 455.650000 372.470000 198 233 253
204.530000 367.010000 370.290000 377.270000 210 253 254
860.450000 366.260000 1060.290000 337.430000 124 122 119
986.050000 364.370000 1207.340000 330.150000 115 102 93
726.110000 356.350000 916.590000 328.880000 146 122 103
912.320000 354.660000 1119.600000 321.020000 120 112 106
361.720000 353.220000 500.460000 358.540000 57 90 119
721.560000 351.980000 909.410000 325.110000 217 193 174
648.490000 350.900000 818.470000 330.530000 130 153 169
894.390000 350.680000 1100.240000 317.430000 134 128 114
683.690000 350.220000 862.440000 324.880000 250 242 227
957.050000 349.310000 1171.700000 313.940000 125 109 105
590.990000 346.420000 752.470000 329.460000 41 43 60
600.260000 345.010000 760.780000 328.180000 157 196 249
474.080000 344.990000 619.420000 340.030000 217 199 182
433.840000 342.700000 579.310000 339.670000 181 174 167
856.980000 341.820000 1054.900000 309.180000 91 87 89
614.840000 341.180000 777.410000 323.630000 105 175 212
618.860000 339.610000 783.290000 321.250000 133 166 227
677.420000 338.200000 853.750000 313.950000 231 235 230
682.150000 337.880000 860.500000 312.460000 255 251 234
858.010000 337.220000 1056.670000 303.180000 37 32 31
666.380000 335.550000 837.360000 313.010000 253 253 255
630.570000 331.040000 796.360000 310.900000 93 93 89
684.910000 330.750000 863.440000 305.030000 202 197 181
862.750000 329.440000 1062.090000 293.310000 107 101 97
862.750000 329.440000 1062.090000 293.310000 107 101 97
640.410000 329.270000 806.330000 308.920000 110 177 202
136.730000 329.050000 321.680000 345.410000 231 246 250
621.900000 323.630000 786.700000 304.030000 149 137 134
859.950000 322.530000 1061.230000 286.500000 43 35 27
623.380000 320.500000 789.260000 300.320000 39 28 25
664.080000 318.180000 837.230000 293.830000 98 179 196
642.590000 317.960000 807.420000 297.370000 105 82 103
671.050000 315.430000 844.310000 290.430000 105 173 196
663.280000 315.010000 820.880000 298.030000 148 193 244
871.510000 313.890000 1071.480000 276.310000 118 103 96
675.200000 314.060000 851.050000 288.830000 167 163 173
993.470000 310.460000 1206.860000 264.700000 63 58 64
175.490000 309.950000 346.540000 326.850000 172 194 217
466.610000 308.080000 612.390000 303.660000 216 234 245
678.750000 306.300000 855.210000 279.120000 101 100 90
1004.980000 306.020000 1220.670000 260.500000 28 22 33
680.750000 302.200000 857.240000 274.660000 224 222 209
681.330000 298.850000 858.520000 270.700000 107 102 86
931.420000 297.020000 1137.400000 252.280000 163 151 147
691.600000 296.340000 870.290000 266.630000 107 91 62
70.360000 294.830000 269.260000 318.780000 32 153 168
570.130000 284.420000 726.520000 267.070000 247 232 203
941.710000 284.260000 1148.480000 239.010000 126 124 125
507.050000 282.160000 651.880000 271.740000 222 202 193
546.630000 281.070000 699.970000 267.590000 189 171 163
671.370000 279.570000 845.400000 250.230000 247 229 216
684.230000 279.240000 861.110000 249.090000 120 101 88
678.310000 278.580000 854.050000 248.270000 169 153 137
558.520000 276.360000 712.930000 260.860000 213 196 186
551.690000 270.490000 705.010000 255.130000 95 89 79
175.200000 268.320000 345.540000 291.300000 166 206 242
488.850000 265.380000 634.800000 257.260000 193 218 231
421.820000 264.870000 565.900000 264.350000 185 176 165
750.450000 264.950000 939.750000 226.650000 134 114 107
357.450000 264.010000 496.810000 273.120000 159 236 252
934.290000 258.390000 1139.380000 208.810000 79 78 72
638.240000 256.410000 804.660000 229.990000 217 208 204
444.020000 256.250000 587.990000 253.480000 224 216 206
229.720000 253.760000 389.090000 273.690000 130 220 251
621.270000 252.480000 783.320000 228.580000 253 250 212
480.820000 245.850000 625.900000 238.360000 221 252 255
366.810000 244.430000 506.110000 252.120000 84 104 146
943.340000 243.360000 1149.350000 190.290000 68 64 62
408.690000 239.340000 552.050000 240.800000 230 215 206
673.060000 236.110000 846.760000 202.840000 223 210 206
930.610000 230.770000 1133.550000 175.530000 60 55 59
684.180000 229.120000 846.760000 202.840000 242 230 227
718.990000 226.670000 904.450000 186.650000 233 209 193
426.540000 224.420000 569.730000 224.480000 179 164 155
419.490000 222.970000 562.970000 223.930000 184 169 160
898.520000 221.190000 1097.500000 166.970000 110 98 96
158.710000 220.960000 333.100000 248.920000 43 125 152
919.380000 219.670000 1122.300000 164.890000 76 66 61
725.500000 216.810000 912.090000 173.880000 97 83 75
707.040000 216.450000 888.120000 176.620000 222 208 211
598.500000 216.390000 755.050000 193.080000 120 116 114
598.500000 216.390000 755.050000 193.080000 120 116 114
138.630000 214.760000 317.210000 245.490000 78 174 205
913.750000 213.910000 1114.700000 157.590000 101 89 91
697.280000 214.170000 861.620000 183.770000 37 27 6
810.160000 213.770000 999.570000 164.740000 126 123 118
525.100000 205.580000 673.390000 192.530000 227 207 196
525.100000 205.580000 673.390000 192.530000 227 207 196
884.930000 204.170000 1079.660000 147.760000 116 116 125
803.500000 202.940000 989.840000 151.800000 107 105 92
622.660000 200.980000 783.550000 173.080000 89 86 78
684.090000 199.710000 857.900000 161.210000 233 212 195
770.440000 195.440000 957.010000 147.190000 66 52 35
343.660000 193.540000 484.550000 206.020000 54 154 196
502.300000 192.530000 647.880000 182.340000 185 166 155
722.520000 191.210000 905.750000 145.900000 217 207 185
865.120000 189.320000 1058.180000 133.580000 89 81 75
469.660000 188.900000 613.050000 183.420000 204 193 179
746.670000 181.180000 930.530000 133.480000 112 92 81
661.410000 180.760000 829.790000 145.130000 157 143 131
503.950000 179.760000 650.440000 168.650000 214 195 184
468.170000 178.950000 611.900000 174.470000 176 166 158
672.650000 171.460000 843.760000 133.330000 246 230 222
343.660000 168.860000 485.170000 183.050000 125 217 255
243.320000 168.790000 400.500000 193.000000 118 233 249
750.880000 167.600000 934.490000 118.220000 144 123 118
861.150000 165.160000 1051.990000 105.540000 99 89 86
418.310000 164.820000 559.700000 168.120000 158 150 157
962.550000 164.390000 1163.190000 97.300000 79 75 85
745.020000 164.180000 928.380000 115.050000 123 100 91
675.230000 164.170000 846.110000 124.700000 245 228 218
747.570000 162.270000 931.240000 112.620000 168 147 140
579.040000 162.630000 730.600000 141.140000 240 236 239
168.190000 156.650000 340.500000 190.850000 125 204 224
558.090000 152.340000 708.040000 132.530000 163 151 147
738.810000 150.010000 921.950000 99.360000 166 147 146
740.450000 144.980000 921.890000 93.520000 120 103 107
560.750000 144.750000 710.650000 124.290000 186 173 174
511.150000 144.980000 656.230000 133.630000 225 208 198
497.570000 137.020000 641.450000 128.000000 224 210 199
464.380000 136.850000 605.940000 133.770000 231 229 230
461.380000 136.610000 602.330000 134.190000 160 165 170
439.990000 134.710000 581.590000 135.540000 104 96 97
620.400000 127.930000 777.640000 96.520000 247 244 237
559.080000 128.050000 708.390000 107.460000 232 221 208
558.750000 125.260000 707.740000 104.260000 180 169 155
677.300000 121.750000 847.720000 77.890000 237 221 209
402.100000 117.090000 542.270000 124.760000 225 211 212
738.130000 111.470000 918.010000 56.250000 94 80 67
613.330000 104.470000 769.180000 73.320000 87 80 73
676.240000 102.500000 845.540000 56.880000 225 209 197
680.640000 101.500000 850.490000 55.770000 221 205 193
847.470000 100.730000 1034.470000 32.600000 143 132 123
523.130000 92.090000 667.680000 77.900000 189 168 159
732.780000 91.770000 912.600000 34.190000 110 92 89
622.470000 70.300000 780.030000 33.790000 228 216 208
600.740000 70.630000 753.980000 39.400000 182 167 158
418.070000 69.380000 558.520000 76.780000 166 158 157
703.040000 65.240000 879.050000 8.760000 232 215 209
427.390000 62.900000 566.110000 68.550000 140 139 161
623.440000 56.350000 780.630000 19.170000 169 154 143
507.340000 42.660000 645.690000 36.220000 66 54 50
512.110000 32.640000 655.900000 17.290000 145 131 139
