454.740000 392.370000 308.570000 500.320000 137 128 105
456.250000 391.990000 308.570000 500.320000 90 81 59
456.250000 391.990000 308.570000 500.320000 90 81 59
804.630000 467.750000 717.520000 576.130000 183 158 140
797.950000 242.530000 693.880000 356.820000 241 225 215
754.440000 573.210000 684.400000 699.970000 58 40 37
634.560000 276.740000 520.960000 383.180000 229 212 202
960.800000 262.520000 836.090000 375.660000 142 135 129
466.340000 202.980000 321.130000 304.500000 172 203 238
627.700000 169.440000 508.360000 278.100000 227 212 205
627.700000 169.440000 508.360000 278.100000 227 212 205
538.520000 455.990000 410.690000 572.820000 238 222 206
863.520000 414.110000 776.100000 520.160000 71 52 41
536.050000 333.110000 408.460000 438.750000 203 183 170
313.570000 272.940000 135.480000 368.020000 176 247 249
478.070000 265.120000 337.880000 367.420000 72 140 161
405.900000 453.840000 236.050000 567.990000 78 70 74
724.040000 442.160000 630.490000 554.620000 139 141 128
343.740000 438.580000 156.360000 551.380000 46 38 61
828.190000 394.760000 736.550000 506.110000 226 211 204
393.000000 344.050000 226.940000 447.170000 97 89 93
503.050000 301.360000 368.230000 404.280000 92 83 95
1063.170000 229.190000 906.660000 350.990000 54 51 43
940.920000 186.640000 816.680000 306.360000 63 53 51
925.320000 527.800000 834.810000 630.930000 143 123 112
597.260000 477.810000 484.210000 593.060000 195 173 161
1069.560000 432.230000 935.020000 526.500000 36 29 30
857.990000 373.620000 765.140000 480.200000 136 115 106
830.870000 342.710000 736.190000 454.490000 243 218 207
1027.550000 308.710000 888.760000 416.710000 76 60 57
1027.550000 308.710000 888.760000 416.710000 76 60 57
694.080000 229.890000 585.630000 339.870000 75 68 71
694.080000 229.890000 585.630000 339.870000 75 68 71
588.190000 221.250000 466.890000 325.690000 207 188 178
588.190000 221.250000 466.890000 325.690000 207 188 178
984.670000 209.550000 849.670000 332.650000 76 72 75
688.640000 203.120000 580.230000 313.370000 221 204 196
763.870000 187.070000 657.640000 302.460000 69 61 60
646.030000 180.000000 532.340000 288.920000 248 241 230
902.550000 144.300000 782.020000 272.800000 90 77 73
882.710000 128.450000 764.000000 256.760000 75 59 58
902.720000 585.460000 830.550000 693.410000 224 195 183
1035.840000 515.430000 920.650000 608.470000 112 93 80
646.590000 486.210000 540.830000 608.410000 236 216 207
900.850000 468.080000 810.140000 571.530000 81 61 53
473.940000 463.030000 327.730000 577.720000 73 63 57
1004.260000 451.880000 889.890000 547.060000 214 195 182
1040.250000 444.880000 915.860000 538.320000 162 141 132
1137.990000 436.430000 983.410000 525.960000 59 47 43
372.330000 376.450000 198.960000 480.990000 227 214 219
1095.510000 328.140000 940.660000 434.320000 83 70 68
854.200000 328.200000 757.130000 436.830000 113 90 84
892.130000 323.980000 788.590000 431.880000 61 43 40
914.270000 303.690000 803.670000 412.300000 124 103 94
587.030000 293.910000 466.760000 401.220000 85 71 74
587.030000 293.910000 466.760000 401.220000 85 71 74
426.930000 280.620000 275.070000 380.300000 201 217 230
1238.820000 271.070000 1019.570000 384.980000 56 46 64
319.290000 255.740000 143.150000 347.150000 121 190 215
899.680000 232.290000 786.550000 349.830000 99 79 74
899.680000 232.290000 786.550000 349.830000 99 79 74
331.800000 232.790000 161.870000 323.800000 253 254 255
753.030000 222.780000 645.140000 336.290000 250 253 255
1027.890000 179.830000 875.560000 306.980000 151 137 138
373.130000 135.410000 219.920000 227.170000 101 180 217
586.770000 133.490000 468.660000 241.680000 241 242 233
586.770000 133.490000 468.660000 241.680000 241 242 233
847.310000 111.780000 734.880000 240.410000 82 65 69
960.400000 108.860000 820.390000 244.690000 156 140 134
872.100000 99.630000 753.680000 230.850000 139 122 114
371.250000 98.430000 218.490000 189.890000 247 247 254
371.250000 98.430000 218.490000 189.890000 247 247 254
893.620000 92.240000 770.020000 227.320000 54 41 39
1166.870000 88.720000 956.250000 247.330000 77 67 79
909.340000 24.470000 776.510000 172.170000 156 145 141
856.210000 524.700000 777.610000 631.990000 121 95 82
1005.810000 402.030000 885.780000 502.260000 145 130 119
1005.810000 402.030000 885.780000 502.260000 145 130 119
715.290000 362.200000 612.280000 470.320000 229 209 194
1081.770000 342.930000 931.830000 445.080000 200 188 180
433.740000 339.400000 280.560000 442.900000 86 76 86
433.740000 339.400000 280.560000 442.900000 86 76 86
1095.250000 328.430000 940.660000 434.320000 83 70 68
587.510000 331.210000 468.540000 441.470000 131 133 140
560.430000 311.050000 436.250000 416.190000 76 68 73
367.900000 300.980000 199.550000 400.540000 231 228 233
428.250000 281.450000 275.070000 380.300000 168 183 198
911.600000 279.050000 799.520000 390.400000 71 58 52
911.600000 279.050000 799.520000 390.400000 71 58 52
1044.260000 252.200000 896.380000 368.060000 128 143 152
1083.830000 207.260000 917.200000 331.850000 163 143 134
506.490000 203.150000 371.310000 305.790000 87 119 143
895.470000 194.290000 779.660000 313.360000 81 61 58
895.470000 194.290000 779.660000 313.360000 81 61 58
1109.500000 183.580000 931.900000 316.130000 144 127 119
1027.160000 179.240000 875.560000 306.980000 151 137 138
294.190000 177.150000 115.190000 262.550000 254 252 255
605.630000 166.200000 487.360000 274.690000 248 254 255
1014.770000 155.310000 864.750000 286.760000 67 51 48
1014.770000 155.310000 864.750000 286.760000 67 51 48
977.590000 153.080000 838.870000 283.460000 149 131 113
957.900000 142.960000 822.680000 274.160000 161 145 141
957.900000 142.960000 822.680000 274.160000 161 145 141
373.430000 137.020000 219.920000 227.170000 118 199 234
959.200000 108.810000 820.390000 244.690000 169 153 147
872.880000 99.130000 753.680000 230.850000 139 122 114
869.610000 29.890000 745.640000 173.960000 163 146 140
939.510000 553.550000 850.990000 655.010000 80 59 57
939.510000 553.550000 850.990000 655.010000 80 59 57
1080.910000 551.870000 971.540000 640.040000 70 53 58
954.400000 525.360000 859.520000 623.720000 107 92 85
915.320000 524.940000 827.670000 628.820000 159 139 126
967.600000 523.140000 870.100000 619.900000 253 254 237
907.010000 512.470000 819.030000 615.500000 88 66 52
1021.810000 500.190000 908.790000 593.170000 65 48 40
916.610000 496.970000 825.380000 599.060000 191 175 160
916.580000 478.360000 823.750000 580.190000 181 165 153
730.150000 479.040000 634.980000 592.250000 199 221 213
939.300000 474.950000 841.810000 574.430000 174 159 152
1175.930000 465.350000 1010.790000 550.950000 176 159 134
572.590000 448.470000 451.810000 562.790000 67 55 43
572.590000 448.470000 451.810000 562.790000 67 55 43
941.330000 440.150000 839.980000 540.630000 213 195 195
1118.750000 439.120000 969.850000 529.800000 170 155 148
887.280000 439.610000 795.190000 544.510000 185 165 158
740.880000 431.870000 645.120000 542.270000 42 34 14
740.880000 431.870000 645.120000 542.270000 42 34 14
1024.090000 430.170000 904.740000 525.170000 71 59 54
1038.100000 426.300000 911.990000 522.950000 82 70 62
1023.720000 384.350000 897.590000 484.670000 59 53 49
1023.720000 384.350000 897.590000 484.670000 59 53 49
899.510000 384.540000 800.610000 490.600000 79 61 51
899.590000 370.440000 799.500000 476.420000 68 57 48
965.450000 367.480000 851.780000 470.980000 169 158 142
935.280000 347.590000 824.950000 453.810000 173 147 142
512.990000 347.070000 379.710000 449.590000 80 74 86
332.870000 345.790000 149.580000 446.910000 75 72 85
352.640000 342.530000 175.550000 443.770000 253 252 254
995.060000 327.820000 867.350000 434.660000 32 28 28
787.000000 310.590000 686.410000 415.820000 255 251 255
881.740000 302.690000 777.990000 411.380000 172 150 149
881.740000 302.690000 777.990000 411.380000 172 150 149
1005.890000 293.180000 872.540000 404.180000 208 203 191
692.420000 266.890000 584.730000 374.840000 131 127 127
692.420000 266.890000 584.730000 374.840000 131 127 127
1004.280000 252.790000 867.090000 367.800000 194 190 187
1004.280000 252.790000 867.090000 367.800000 194 190 187
449.050000 238.010000 303.860000 335.780000 174 184 198
1097.160000 231.320000 930.760000 353.190000 73 61 59
398.290000 232.990000 241.510000 328.080000 208 236 252
915.310000 201.560000 798.540000 324.620000 172 165 164
1049.870000 174.190000 891.750000 304.630000 49 33 32
498.940000 172.230000 363.370000 273.070000 241 252 251
894.610000 171.260000 777.180000 294.430000 92 71 70
962.390000 166.060000 826.650000 292.030000 56 43 38
1058.650000 164.060000 895.540000 295.810000 148 133 126
1148.100000 153.960000 952.220000 294.190000 188 183 189
998.690000 132.830000 849.760000 264.740000 146 133 127
1136.030000 132.620000 941.750000 276.020000 125 131 133
1136.030000 132.620000 941.750000 276.020000 125 131 133
1073.830000 131.130000 901.780000 270.570000 160 158 153
480.810000 122.700000 345.060000 228.070000 130 237 243
703.600000 99.840000 590.220000 220.100000 254 254 254
721.420000 82.080000 609.360000 205.980000 255 252 255
734.460000 68.060000 621.200000 194.020000 163 156 159
734.460000 68.060000 621.200000 194.020000 163 156 159
854.830000 57.600000 735.030000 194.250000 137 122 120
581.590000 58.010000 460.370000 173.980000 218 217 221
999.100000 51.310000 842.240000 203.720000 248 249 239
1060.860000 34.820000 881.500000 196.530000 13 12 39
1042.800000 34.800000 870.430000 196.350000 133 143 166
904.640000 523.140000 818.100000 626.660000 127 107 94
904.640000 523.140000 818.100000 626.660000 127 107 94
940.760000 511.150000 846.630000 610.910000 179 164 153
929.230000 503.600000 836.540000 603.990000 117 101 89
434.940000 497.070000 278.250000 622.890000 204 219 163
1094.080000 493.020000 960.910000 584.520000 178 166 158
904.010000 487.760000 813.840000 591.640000 99 80 59
381.070000 475.120000 209.060000 599.220000 118 111 89
1093.280000 471.990000 956.360000 559.930000 188 170 169
368.070000 470.570000 191.980000 594.050000 106 99 95
743.840000 467.510000 650.760000 579.820000 77 82 87
928.390000 464.910000 831.550000 566.430000 94 75 66
928.390000 464.910000 831.550000 566.430000 94 75 66
678.870000 459.220000 577.990000 570.240000 173 153 142
851.990000 447.850000 766.370000 555.340000 101 80 71
1155.230000 447.230000 995.230000 535.600000 184 179 171
1020.390000 446.530000 901.190000 540.850000 87 70 62
703.660000 442.720000 605.620000 553.710000 210 193 182
1175.250000 438.230000 1007.320000 525.470000 154 141 128
729.380000 438.960000 632.280000 550.020000 128 134 118
1137.820000 416.940000 979.680000 512.100000 121 109 104
1257.470000 402.640000 1049.920000 492.700000 87 81 93
1257.470000 402.640000 1049.920000 492.700000 87 81 93
1020.890000 398.880000 896.600000 498.740000 82 72 67
1211.580000 382.770000 1017.670000 477.740000 225 225 221
563.930000 381.480000 440.320000 490.100000 106 98 102
563.930000 381.480000 440.320000 490.100000 106 98 102
1144.090000 373.770000 977.770000 470.880000 94 82 72
1256.280000 369.640000 1043.360000 463.770000 92 92 102
335.930000 362.510000 150.610000 466.610000 131 124 141
383.100000 356.470000 214.500000 460.200000 99 92 93
894.120000 339.410000 790.640000 444.570000 78 58 48
868.820000 339.910000 771.260000 447.160000 157 134 125
715.520000 335.910000 611.960000 444.480000 100 110 118
297.910000 336.830000 100.250000 436.920000 62 60 97
704.260000 333.260000 598.400000 440.540000 231 243 247
384.460000 329.720000 217.690000 431.720000 108 103 107
1222.000000 329.060000 1016.970000 433.480000 134 123 127
781.210000 328.400000 682.870000 436.900000 252 250 255
1039.290000 312.450000 897.800000 419.800000 70 59 61
1151.090000 297.880000 972.060000 406.670000 180 177 170
1138.950000 298.060000 963.570000 407.360000 66 66 76
905.120000 296.160000 796.660000 405.120000 139 114 105
905.120000 296.160000 797.190000 405.520000 139 114 105
327.110000 295.910000 149.940000 392.950000 236 253 255
1118.670000 289.680000 949.520000 400.580000 41 48 82
1077.330000 282.680000 922.160000 393.920000 191 189 171
479.480000 276.580000 337.700000 375.710000 249 251 254
1169.070000 274.520000 980.570000 388.000000 144 129 135
705.440000 270.330000 597.560000 380.540000 188 231 247
678.420000 257.120000 570.280000 367.570000 249 240 238
678.420000 257.120000 570.280000 367.570000 249 240 238
1149.880000 236.430000 963.820000 357.890000 158 145 141
370.240000 235.440000 208.590000 330.020000 245 253 255
370.240000 235.440000 208.590000 330.020000 245 253 255
1059.990000 234.260000 904.930000 353.810000 77 74 66
1059.990000 234.260000 904.930000 353.810000 77 74 66
1012.880000 224.270000 870.310000 343.660000 63 56 57
1002.590000 218.980000 862.340000 338.350000 205 201 201
1041.630000 218.310000 890.600000 339.410000 208 195 196
1022.830000 212.490000 876.500000 334.760000 139 129 126
1098.590000 198.660000 925.670000 324.680000 54 37 36
400.260000 155.890000 251.770000 250.820000 137 202 231
882.520000 150.470000 765.630000 275.730000 151 130 129
581.900000 149.570000 461.390000 257.790000 248 246 255
1235.650000 147.470000 1001.060000 292.950000 92 95 110
1147.830000 138.420000 949.690000 279.470000 207 204 207
1255.770000 135.680000 1011.240000 286.200000 117 112 131
1256.650000 114.550000 1008.260000 269.300000 115 116 135
1134.400000 114.200000 938.120000 261.720000 68 72 89
890.510000 111.210000 769.370000 243.910000 64 51 46
987.210000 105.580000 840.760000 245.690000 85 73 71
1113.530000 96.810000 922.920000 246.760000 68 71 96
935.220000 89.760000 799.340000 226.450000 121 107 108
563.120000 87.430000 440.650000 199.110000 218 233 245
832.420000 78.950000 719.510000 211.010000 239 228 239
307.370000 77.250000 143.060000 163.250000 118 187 197
395.650000 71.160000 253.160000 167.630000 239 254 255
1073.570000 64.500000 893.960000 219.690000 214 213 205
1073.570000 64.500000 893.960000 219.690000 214 213 205
858.190000 43.740000 737.300000 183.230000 105 89 85
581.760000 7.920000 461.970000 129.040000 250 255 255
1018.980000 577.900000 933.800000 675.750000 73 50 42
962.400000 536.640000 866.990000 635.000000 211 195 183
764.940000 535.120000 694.160000 654.430000 40 34 20
975.100000 529.920000 876.400000 625.630000 144 139 123
1105.360000 519.270000 971.090000 605.240000 51 34 36
1095.650000 509.420000 962.960000 596.170000 180 160 155
1030.580000 508.230000 915.910000 600.580000 159 141 131
1103.480000 501.110000 967.380000 587.740000 59 45 46
573.330000 495.830000 457.040000 615.850000 119 97 96
424.150000 486.830000 268.050000 610.360000 252 253 248
434.300000 476.940000 276.780000 597.690000 125 157 66
1082.880000 467.850000 948.500000 558.560000 83 71 63
343.400000 467.920000 154.010000 589.080000 154 152 137
417.310000 460.890000 257.850000 578.920000 42 37 43
383.810000 456.540000 208.170000 576.230000 55 43 33
1235.990000 435.310000 1041.040000 521.380000 14 5 17
1122.710000 435.430000 971.910000 527.530000 181 165 161
492.210000 433.720000 346.060000 543.060000 43 36 39
849.160000 426.030000 762.360000 532.090000 82 61 52
1226.160000 417.710000 1031.960000 504.010000 124 111 109
1157.610000 417.100000 992.650000 511.120000 150 138 129
675.170000 415.210000 572.270000 526.180000 239 219 207
1234.070000 414.020000 1037.060000 502.170000 41 31 41
1048.290000 406.660000 917.020000 503.810000 180 166 167
414.570000 404.700000 258.590000 516.370000 244 238 235
1063.110000 403.750000 927.240000 503.090000 161 151 145
1055.640000 402.090000 921.700000 498.170000 58 46 42
1029.680000 393.490000 902.580000 492.630000 111 102 100
1103.600000 392.230000 953.840000 489.050000 62 51 49
1247.400000 383.700000 1040.320000 477.080000 30 25 39
1211.610000 383.010000 1017.670000 477.740000 229 229 225
669.790000 382.590000 564.320000 491.390000 93 75 73
1144.060000 373.010000 977.770000 470.880000 94 82 72
1127.100000 352.130000 963.190000 454.940000 196 197 191
1127.100000 352.130000 963.190000 454.940000 196 197 191
745.210000 338.860000 644.830000 446.990000 255 250 253
978.570000 329.310000 855.170000 436.320000 79 76 82
436.910000 328.010000 285.250000 430.790000 86 84 85
1265.020000 326.640000 1043.920000 431.450000 35 35 53
1125.630000 325.540000 958.630000 432.140000 199 202 192
1125.630000 325.540000 958.630000 432.140000 199 202 192
562.380000 325.260000 438.410000 431.160000 53 46 47
375.650000 324.510000 206.780000 424.870000 202 195 194
296.670000 307.620000 104.660000 404.930000 248 247 251
1126.350000 299.280000 956.020000 409.370000 181 185 173
972.300000 294.050000 846.750000 403.650000 184 181 174
1023.950000 279.050000 883.950000 388.290000 159 140 140
1126.900000 276.800000 953.580000 390.490000 173 179 175
704.800000 270.170000 597.560000 380.540000 189 232 248
1230.500000 263.840000 1014.080000 381.480000 54 45 56
295.420000 254.950000 109.080000 345.630000 238 252 255
1106.180000 253.130000 938.140000 370.750000 225 215 210
1097.070000 249.420000 931.650000 368.150000 77 65 60
1024.370000 248.650000 881.450000 365.270000 185 165 174
1063.640000 247.010000 907.540000 364.200000 31 35 54
943.420000 238.050000 818.960000 353.000000 178 177 181
835.990000 235.870000 734.590000 349.220000 222 201 189
936.610000 229.290000 813.910000 346.690000 36 35 29
1024.100000 225.600000 878.550000 345.680000 177 167 158
1050.030000 222.850000 897.490000 344.350000 46 40 39
476.320000 220.930000 335.030000 320.800000 88 119 157
1138.330000 219.340000 956.320000 344.800000 46 29 29
1072.730000 218.560000 913.820000 342.770000 78 66 54
1031.600000 218.700000 883.450000 339.760000 112 94 94
1002.650000 218.670000 862.340000 338.350000 205 201 201
737.540000 217.250000 630.260000 330.400000 84 81 84
1132.810000 206.810000 949.130000 332.290000 195 182 177
1086.980000 200.520000 919.410000 327.270000 181 163 163
655.290000 198.670000 543.800000 307.600000 68 58 35
655.290000 198.670000 543.800000 307.600000 68 58 35
1083.520000 190.750000 915.270000 318.730000 51 39 35
1083.520000 190.750000 915.270000 318.730000 51 39 35
790.530000 184.130000 684.580000 300.860000 56 46 32
1204.850000 180.960000 987.220000 315.250000 58 49 62
1094.700000 181.550000 921.500000 311.510000 96 85 76
784.320000 177.550000 677.810000 294.960000 254 246 241
307.840000 175.280000 131.250000 259.350000 93 129 150
562.980000 171.870000 440.290000 277.280000 198 214 230
562.980000 171.870000 440.290000 277.280000 198 214 230
1094.960000 169.580000 920.330000 303.470000 84 68 64
1094.960000 169.580000 920.330000 303.470000 84 68 64
902.310000 160.800000 782.590000 285.460000 138 123 117
902.310000 160.800000 782.590000 285.460000 138 123 117
484.170000 157.370000 345.800000 262.250000 223 255 255
285.280000 149.750000 106.080000 232.530000 242 245 248
1087.060000 148.940000 912.780000 285.160000 181 164 166
1095.220000 147.120000 918.020000 284.390000 74 57 61
996.990000 146.650000 854.490000 280.740000 69 51 49
945.930000 136.010000 813.130000 266.490000 73 57 53
1038.310000 135.100000 878.700000 272.140000 160 148 145
980.140000 128.610000 836.020000 261.580000 141 126 119
598.660000 129.400000 479.370000 240.890000 253 251 255
1199.140000 126.480000 976.190000 274.310000 82 70 67
937.360000 126.130000 805.920000 258.020000 144 125 132
1029.820000 124.130000 872.310000 262.570000 94 82 77
1029.820000 124.130000 872.310000 262.570000 94 82 77
928.750000 111.870000 799.200000 246.720000 49 35 36
1094.980000 109.610000 913.900000 256.890000 77 65 61
879.070000 86.330000 758.430000 221.830000 68 52 52
1123.080000 80.180000 927.160000 234.940000 208 206 211
1123.080000 80.180000 927.160000 234.940000 208 206 211
1094.390000 77.410000 908.340000 228.510000 73 60 65
832.760000 78.170000 719.510000 211.010000 239 228 239
343.470000 67.430000 187.950000 158.100000 250 255 255
1029.060000 46.080000 863.510000 203.460000 96 85 89
1075.240000 35.110000 891.940000 198.410000 224 222 223
1075.240000 35.110000 891.940000 198.410000 224 222 223
1141.030000 32.550000 932.970000 201.440000 149 140 137
1149.920000 20.230000 936.850000 193.290000 195 185 180
1124.260000 16.990000 920.900000 189.680000 168 162 159
1018.820000 13.380000 852.400000 176.850000 147 135 133
581.960000 7.690000 461.970000 129.040000 250 255 255
1133.240000 578.560000 1028.070000 665.380000 137 123 128
1028.090000 574.650000 940.810000 670.790000 218 197 188
869.730000 574.930000 797.140000 686.400000 251 236 188
806.240000 539.960000 734.180000 655.160000 34 30 7
735.800000 539.560000 656.990000 667.120000 40 31 18
1056.700000 511.290000 935.100000 599.990000 63 46 38
520.140000 505.030000 392.160000 628.030000 183 171 167
1136.940000 499.340000 989.880000 583.240000 252 250 239
1136.940000 499.340000 989.880000 583.240000 252 250 239
1136.940000 499.340000 989.880000 583.240000 252 250 239
1061.720000 496.700000 936.880000 588.790000 197 201 190
417.100000 477.950000 257.400000 600.410000 52 65 26
417.100000 477.950000 257.400000 600.410000 52 65 26
406.770000 473.380000 239.580000 594.800000 174 176 140
404.290000 466.110000 239.350000 585.310000 158 155 148
1259.860000 445.120000 1057.440000 528.820000 87 81 92
1089.170000 411.540000 946.440000 507.090000 148 136 128
1029.390000 407.250000 903.390000 505.020000 134 121 117
384.300000 400.500000 212.440000 511.090000 78 63 55
588.720000 382.950000 468.780000 492.270000 238 237 241
1097.950000 378.160000 947.440000 476.610000 87 73 74
352.850000 363.760000 172.230000 467.960000 149 149 185
1008.600000 342.650000 880.830000 448.690000 238 232 220
1093.080000 340.510000 940.030000 443.160000 170 157 152
995.210000 340.070000 869.550000 445.570000 213 206 195
995.210000 340.070000 865.170000 444.270000 213 206 195
971.470000 335.580000 851.390000 441.750000 242 232 226
1088.210000 333.580000 936.210000 438.760000 87 74 69
421.290000 331.730000 265.660000 435.370000 95 97 97
985.560000 314.510000 826.540000 416.900000 193 192 184
860.180000 309.320000 761.220000 418.260000 107 84 78
1105.330000 305.760000 943.030000 413.260000 135 138 131
964.520000 292.300000 841.240000 401.400000 100 97 90
472.480000 288.380000 325.410000 389.310000 243 245 249
472.480000 288.380000 325.410000 389.310000 243 245 249
437.290000 284.660000 287.730000 384.590000 241 253 255
1199.390000 269.380000 997.080000 386.100000 153 137 136
1059.020000 264.690000 906.570000 379.800000 156 173 202
1024.810000 263.340000 883.710000 377.650000 168 151 141
490.740000 263.130000 348.660000 364.790000 243 252 255
443.970000 257.860000 297.480000 356.750000 89 87 99
443.970000 257.860000 297.480000 356.750000 89 87 99
673.810000 242.370000 564.800000 349.710000 217 211 205
696.030000 241.010000 587.080000 350.220000 43 40 53
446.590000 234.410000 300.420000 333.620000 102 107 115
1031.640000 233.450000 884.720000 353.140000 89 71 68
680.040000 228.920000 570.330000 338.190000 49 38 26
383.100000 219.740000 225.110000 314.150000 227 244 254
375.590000 211.000000 216.720000 305.180000 73 92 118
1103.220000 209.510000 930.960000 334.850000 154 138 137
1150.820000 208.240000 960.800000 335.080000 167 151 148
1114.040000 207.250000 937.960000 333.390000 39 24 36
1106.670000 203.570000 933.060000 330.330000 50 36 35
962.770000 203.140000 831.420000 324.160000 195 191 189
1229.840000 202.350000 1005.040000 333.750000 38 31 48
1150.710000 197.620000 959.320000 327.040000 176 159 159
592.270000 197.700000 473.090000 304.060000 83 86 79
673.380000 194.640000 563.110000 305.070000 206 193 195
295.270000 192.840000 112.550000 277.890000 85 120 128
1115.670000 191.500000 935.980000 320.890000 148 136 135
667.370000 190.710000 556.210000 300.920000 45 34 35
667.370000 190.710000 556.210000 300.920000 45 34 35
411.100000 190.430000 259.140000 285.820000 102 156 195
1115.900000 183.530000 935.540000 314.500000 163 151 146
914.250000 184.230000 793.790000 306.050000 43 34 28
1151.260000 182.910000 957.900000 315.560000 244 236 237
918.080000 177.520000 796.210000 299.920000 220 214 210
1247.260000 175.650000 1011.600000 314.620000 29 26 41
777.820000 168.070000 671.460000 285.770000 58 44 21
777.820000 168.070000 671.460000 285.770000 58 44 21
924.400000 167.450000 800.540000 292.350000 47 42 48
391.710000 162.450000 238.990000 257.340000 230 255 255
918.100000 161.060000 794.920000 286.390000 212 204 208
993.240000 153.360000 849.930000 283.950000 155 137 135
1088.270000 139.100000 912.210000 277.680000 174 160 167
1074.880000 136.160000 903.160000 274.810000 207 199 193
317.310000 133.540000 150.420000 221.890000 235 253 255
954.190000 132.540000 819.120000 264.820000 180 164 161
330.240000 131.240000 164.630000 219.790000 240 250 255
1193.850000 119.710000 972.860000 270.480000 88 77 77
833.850000 116.130000 722.710000 242.060000 219 199 190
513.720000 113.820000 382.510000 221.200000 129 158 185
234.810000 106.020000 42.230000 182.250000 165 184 196
1087.480000 102.860000 907.700000 250.520000 166 159 153
1001.300000 102.690000 849.860000 244.130000 155 146 142
917.330000 98.830000 788.040000 234.020000 112 103 94
923.030000 93.760000 792.020000 230.910000 71 59 54
1003.640000 91.650000 849.930000 235.080000 244 242 240
1258.410000 85.770000 1006.930000 250.010000 100 93 116
1208.980000 86.090000 977.620000 247.100000 135 130 144
392.490000 85.410000 246.230000 180.650000 247 250 255
1102.300000 75.660000 913.860000 230.710000 202 197 201
954.120000 76.210000 812.790000 218.880000 178 170 161
576.680000 70.860000 455.230000 185.830000 252 253 254
529.640000 71.110000 403.900000 180.980000 235 222 236
921.210000 63.460000 787.870000 206.010000 69 57 45
1053.450000 59.940000 879.020000 214.400000 154 176 201
1113.890000 53.460000 918.910000 214.950000 194 185 193
1115.880000 47.280000 919.480000 210.900000 61 52 61
1103.000000 46.540000 911.020000 209.200000 191 181 191
597.060000 40.840000 477.420000 160.890000 255 252 255
1241.410000 40.410000 989.740000 215.330000 68 63 69
902.720000 38.990000 771.610000 184.530000 170 150 139
562.890000 38.970000 441.210000 154.760000 250 250 255
831.950000 30.710000 715.890000 170.900000 235 216 215
1184.500000 24.590000 956.520000 201.420000 123 110 124
575.380000 16.720000 454.350000 137.510000 244 249 255
900.240000 14.190000 767.870000 165.100000 142 130 124
1241.380000 12.110000 986.550000 197.740000 43 73 95
691.940000 11.430000 576.770000 142.970000 58 53 59
1138.890000 584.650000 1037.300000 671.660000 62 44 44
1119.880000 573.150000 1014.640000 660.850000 163 146 148
906.100000 571.160000 827.830000 677.060000 139 121 114
1002.650000 552.020000 905.300000 647.030000 179 158 149
1073.650000 547.370000 962.860000 636.350000 117 101 100
993.980000 520.520000 889.530000 615.630000 207 200 193
971.260000 514.810000 870.020000 611.930000 124 132 123
1111.100000 513.690000 974.570000 599.070000 179 166 167
489.290000 503.060000 352.620000 627.450000 231 218 214
489.290000 503.060000 352.620000 627.450000 231 218 214
614.080000 500.340000 512.890000 622.750000 61 49 37
1012.940000 497.040000 901.370000 590.880000 136 115 113
1138.460000 493.480000 989.460000 578.130000 109 104 89
1043.080000 481.140000 922.040000 572.620000 134 113 106
401.000000 478.030000 233.760000 600.780000 216 212 192
668.760000 473.220000 566.520000 588.040000 102 82 71
362.930000 461.550000 182.400000 582.440000 238 241 252
339.820000 461.790000 147.230000 582.940000 35 33 35
377.130000 458.160000 199.410000 576.990000 230 216 217
370.330000 458.510000 189.650000 578.250000 137 128 133
1028.270000 453.060000 908.140000 547.820000 190 173 163
1264.470000 441.100000 1059.890000 525.040000 18 14 27
571.710000 439.220000 449.840000 552.350000 242 231 215
1155.350000 437.360000 993.420000 528.280000 57 51 39
1205.090000 435.540000 1021.800000 522.200000 168 158 147
744.710000 427.760000 650.670000 536.880000 125 113 83
744.710000 427.760000 650.670000 536.880000 125 113 83
667.970000 427.190000 563.880000 538.650000 86 64 62
251.690000 425.410000 23.240000 544.910000 42 38 49
963.560000 423.550000 855.280000 523.070000 26 13 11
251.990000 419.600000 24.400000 537.830000 133 129 139
1258.850000 411.490000 1050.260000 497.950000 88 82 94
1264.120000 407.040000 1054.780000 495.830000 14 9 23
1222.550000 405.600000 1029.350000 496.460000 189 186 188
354.980000 404.310000 171.460000 514.210000 124 120 139
1050.000000 394.960000 917.010000 494.060000 132 119 122
1220.450000 382.330000 1023.630000 476.960000 107 105 106
502.680000 382.000000 358.710000 487.360000 48 39 46
502.680000 382.000000 358.710000 487.360000 48 39 46
581.920000 381.310000 461.990000 489.800000 94 92 91
594.850000 374.250000 477.050000 481.110000 90 88 95
594.850000 374.250000 477.050000 481.110000 90 88 95
669.690000 373.160000 563.620000 480.760000 78 66 71
669.690000 373.160000 563.620000 480.760000 78 66 71
1149.500000 371.990000 980.870000 469.830000 83 71 63
1142.310000 370.400000 975.200000 468.320000 96 85 76
319.320000 371.020000 126.560000 476.050000 120 117 132
595.360000 367.660000 477.700000 474.770000 94 92 101
1112.170000 366.240000 956.130000 465.750000 105 93 83
1132.470000 364.310000 968.100000 464.220000 223 219 219
334.940000 363.820000 148.460000 467.650000 144 137 154
377.340000 361.950000 206.890000 465.100000 213 204 202
433.580000 359.140000 279.580000 463.900000 96 85 85
1119.070000 357.520000 957.800000 458.210000 73 73 64
1008.820000 357.080000 881.910000 459.930000 186 171 160
686.420000 357.030000 581.150000 465.280000 255 248 244
1106.390000 351.590000 949.700000 454.130000 191 183 179
1042.040000 352.270000 905.480000 456.020000 169 146 138
961.640000 350.880000 845.700000 456.100000 170 150 139
1081.970000 346.970000 932.740000 449.560000 209 198 190
1225.140000 344.050000 1020.660000 441.940000 144 136 139
1106.280000 342.810000 948.820000 445.980000 188 181 184
1015.010000 337.430000 884.670000 441.900000 81 68 64
725.500000 337.200000 623.030000 444.350000 146 162 171
363.010000 337.190000 189.660000 438.360000 92 89 92
945.820000 331.670000 830.710000 438.120000 141 138 134
349.890000 322.700000 174.140000 422.820000 112 113 115
763.830000 322.410000 663.440000 430.560000 96 104 110
1210.600000 321.550000 1008.880000 426.780000 178 170 170
582.010000 315.960000 461.550000 421.190000 65 64 69
582.010000 315.960000 461.550000 421.190000 65 64 69
563.720000 316.460000 440.090000 421.360000 66 59 63
456.560000 315.710000 308.200000 417.610000 74 76 82
1211.210000 310.680000 1008.370000 418.370000 180 173 169
335.790000 310.730000 157.220000 409.820000 77 87 98
1214.860000 305.880000 1009.990000 414.930000 88 74 75
336.290000 305.170000 159.200000 402.920000 199 222 232
907.780000 295.210000 799.180000 405.120000 157 132 123
1220.300000 290.140000 1011.210000 401.750000 155 141 146
1163.870000 284.140000 978.500000 397.500000 154 142 140
443.070000 283.570000 295.320000 384.590000 101 104 112
1201.130000 281.980000 998.680000 395.430000 178 160 157
1207.810000 279.190000 1002.340000 392.960000 49 33 30
382.040000 278.090000 220.110000 375.500000 88 99 120
321.160000 276.360000 144.650000 373.140000 207 255 255
506.980000 272.560000 368.220000 374.670000 77 91 99
506.980000 272.560000 368.220000 374.670000 77 91 99
1048.000000 271.760000 900.040000 384.540000 149 167 188
285.840000 259.710000 94.430000 350.550000 241 252 255
1083.850000 253.120000 923.240000 369.670000 60 49 41
884.050000 250.920000 775.290000 364.370000 179 153 148
672.920000 250.910000 564.020000 360.590000 212 205 201
360.530000 250.490000 195.960000 345.290000 223 252 255
372.070000 249.060000 210.120000 345.400000 225 248 255
1112.650000 248.120000 942.360000 366.900000 54 41 41
677.890000 248.290000 568.900000 356.510000 57 47 44
445.050000 237.900000 298.400000 337.130000 89 94 102
684.780000 237.840000 574.960000 346.110000 157 155 156
460.320000 236.200000 315.480000 336.060000 76 90 128
1041.310000 234.960000 892.540000 354.050000 48 35 35
952.040000 235.030000 825.200000 351.110000 43 42 44
1005.730000 233.930000 866.370000 351.710000 94 89 98
945.620000 230.710000 819.850000 347.630000 44 46 42
727.260000 226.510000 620.980000 335.970000 214 236 253
727.260000 226.510000 620.980000 335.970000 214 236 253
947.640000 226.000000 821.650000 343.930000 176 179 172
1101.740000 220.780000 931.100000 344.160000 163 147 135
577.860000 214.980000 456.030000 319.820000 244 248 254
1134.290000 211.270000 951.930000 337.920000 203 187 186
1218.910000 210.080000 998.890000 337.500000 113 103 121
586.020000 208.160000 465.470000 314.540000 242 250 255
951.910000 204.750000 822.950000 325.400000 26 24 21
1011.240000 204.570000 867.750000 327.540000 42 35 36
1011.240000 204.570000 867.750000 327.540000 42 35 36
661.300000 202.440000 550.000000 311.370000 255 244 255
661.300000 202.440000 550.000000 311.370000 255 244 255
313.950000 200.700000 138.980000 289.900000 98 123 159
968.690000 196.610000 835.820000 319.330000 55 52 47
468.060000 196.480000 327.910000 297.260000 77 107 141
1215.980000 194.340000 995.580000 326.460000 158 154 165
383.790000 192.490000 228.810000 285.240000 194 241 250
978.660000 190.020000 842.860000 313.900000 48 42 38
1066.370000 188.990000 904.810000 317.820000 152 136 132
662.590000 186.310000 551.290000 296.370000 255 252 239
395.320000 180.920000 242.000000 275.300000 97 146 184
924.000000 177.850000 801.070000 301.150000 58 56 57
884.930000 178.010000 770.150000 298.670000 150 129 128
666.040000 178.140000 554.280000 289.030000 74 61 72
666.040000 178.140000 554.280000 289.030000 74 61 72
1212.170000 174.250000 990.370000 311.200000 164 149 165
1215.870000 170.280000 992.870000 307.540000 72 55 73
1101.070000 165.930000 923.840000 299.340000 183 167 163
397.240000 165.240000 244.960000 260.930000 109 137 171
932.300000 164.210000 804.710000 289.210000 195 186 192
560.100000 164.410000 436.670000 269.880000 49 56 52
1161.910000 162.740000 962.010000 300.460000 143 129 134
246.060000 163.370000 52.660000 244.020000 87 160 167
584.900000 162.270000 464.910000 270.080000 242 254 255
438.960000 161.470000 296.660000 260.720000 188 252 255
294.430000 156.380000 118.420000 241.240000 240 253 255
1040.630000 144.680000 882.030000 283.050000 170 160 155
670.630000 144.190000 558.090000 257.000000 253 243 238
606.960000 138.510000 489.640000 250.580000 245 245 252
839.850000 116.440000 728.850000 244.780000 57 35 43
348.050000 105.530000 190.090000 197.140000 140 171 177
1163.170000 102.960000 955.180000 254.710000 152 142 154
604.290000 101.500000 486.610000 214.250000 137 126 126
604.290000 101.500000 486.610000 214.250000 137 126 126
1132.200000 98.740000 935.340000 251.030000 148 140 172
929.980000 98.760000 797.960000 235.270000 72 62 57
947.370000 98.080000 810.680000 236.010000 59 49 44
559.230000 97.150000 435.530000 207.870000 252 246 253
716.390000 93.240000 603.050000 215.880000 255 253 244
1258.000000 92.850000 1007.130000 254.860000 46 35 57
568.610000 92.960000 446.940000 203.640000 177 168 167
670.680000 91.090000 557.460000 211.170000 245 237 232
986.910000 88.920000 838.130000 232.220000 60 62 60
989.340000 79.170000 837.060000 221.760000 39 44 46
1130.560000 75.070000 931.760000 233.150000 71 65 74
316.290000 75.300000 152.070000 161.350000 224 255 255
669.950000 73.930000 556.040000 195.590000 253 245 240
1232.050000 68.970000 988.590000 236.170000 53 47 62
921.270000 68.450000 788.950000 209.600000 79 67 57
1036.060000 64.750000 869.140000 215.670000 121 118 119
939.630000 58.980000 800.610000 203.380000 76 67 63
939.530000 48.510000 799.140000 196.500000 99 107 137
1236.030000 48.280000 988.000000 221.340000 120 110 125
1043.900000 44.780000 872.890000 204.130000 36 59 73
1086.550000 44.020000 900.590000 206.630000 172 160 168
883.240000 43.800000 757.630000 186.700000 88 68 66
1081.180000 39.100000 896.420000 201.850000 106 97 104
1148.250000 36.090000 937.810000 204.200000 94 82 78
1148.250000 36.090000 937.810000 204.200000 94 82 78
1081.220000 32.340000 896.160000 197.200000 77 68 77
697.050000 27.880000 582.140000 156.770000 252 250 255
1141.940000 15.170000 931.200000 189.600000 180 174 167
862.570000 576.180000 790.440000 687.850000 192 184 183
661.150000 553.380000 568.530000 677.860000 119 103 91
1063.780000 539.120000 947.970000 628.000000 94 80 81
818.240000 537.580000 747.210000 652.590000 75 69 36
1050.920000 526.930000 932.790000 617.010000 156 140 140
962.830000 520.020000 865.440000 617.390000 247 239 225
958.630000 518.430000 861.810000 617.570000 57 42 31
1126.440000 510.900000 983.850000 595.610000 156 144 142
1081.630000 507.390000 952.480000 595.420000 239 230 220
1081.630000 507.390000 952.480000 595.420000 239 230 220
1168.860000 501.630000 1011.580000 583.460000 121 108 109
392.050000 495.890000 224.340000 623.700000 254 253 255
366.360000 482.760000 185.350000 608.680000 236 233 245
551.620000 481.260000 432.620000 601.000000 71 49 35
472.300000 475.720000 323.760000 593.360000 83 84 66
982.710000 471.850000 873.720000 568.110000 161 156 146
400.140000 471.650000 231.620000 592.210000 123 123 96
1042.810000 469.250000 920.640000 562.120000 95 74 67
516.620000 468.630000 382.360000 580.900000 156 141 132
273.360000 467.780000 49.700000 595.690000 51 50 63
668.460000 465.950000 566.130000 580.120000 90 70 59
982.410000 465.400000 872.340000 559.350000 149 143 134
394.370000 462.720000 226.880000 581.500000 182 174 173
346.060000 463.060000 155.100000 584.050000 231 228 223
1071.110000 454.700000 937.810000 547.150000 141 135 131
273.000000 452.180000 50.210000 575.340000 40 35 53
273.000000 452.180000 50.210000 575.340000 40 35 53
383.230000 444.530000 208.300000 560.520000 76 59 49
580.690000 442.610000 461.950000 555.260000 88 75 55
354.920000 439.960000 167.620000 554.910000 95 91 112
1160.590000 438.090000 997.220000 526.610000 186 176 162
366.570000 433.160000 185.900000 548.130000 212 203 213
271.340000 430.650000 50.690000 548.800000 210 200 216
710.210000 429.940000 611.090000 540.020000 59 41 20
718.330000 425.670000 621.460000 535.340000 238 221 196
258.750000 424.870000 33.950000 543.290000 123 119 130
366.650000 424.220000 187.070000 537.130000 240 230 243
373.360000 419.050000 196.460000 531.380000 247 229 227
1203.280000 411.300000 1017.910000 501.930000 154 145 142
462.290000 406.840000 313.850000 517.770000 132 123 100
667.080000 400.710000 562.030000 510.260000 105 84 75
667.080000 400.710000 562.030000 510.260000 105 84 75
1165.500000 398.000000 995.670000 492.330000 48 37 37
375.230000 396.540000 200.570000 505.780000 158 142 139
971.030000 392.590000 858.210000 494.120000 115 101 88
483.580000 386.300000 336.370000 492.660000 149 142 146
366.370000 386.370000 189.650000 493.240000 240 230 246
581.700000 381.760000 461.990000 489.800000 94 92 91
577.160000 377.620000 456.420000 485.840000 192 192 187
365.950000 374.970000 190.040000 480.920000 196 195 210
297.750000 374.530000 94.980000 480.430000 122 120 130
789.890000 371.720000 696.690000 479.670000 86 75 61
838.200000 369.640000 746.680000 477.480000 250 236 232
294.840000 369.470000 91.600000 474.220000 77 75 84
850.740000 361.280000 758.690000 469.130000 71 62 50
842.410000 357.070000 750.320000 464.870000 255 252 240
405.550000 356.970000 243.950000 462.690000 137 123 128
848.720000 356.650000 756.520000 464.550000 248 239 230
378.640000 349.450000 208.450000 451.530000 218 211 210
378.640000 349.450000 208.450000 451.530000 218 211 210
315.510000 342.920000 123.510000 443.690000 255 254 255
338.480000 342.570000 155.400000 443.580000 56 54 64
702.260000 339.210000 596.920000 446.700000 247 255 255
368.890000 336.980000 197.150000 438.630000 239 228 229
1213.520000 332.970000 1012.130000 436.310000 84 76 76
362.430000 331.390000 189.050000 432.490000 249 247 251
1007.000000 325.850000 876.680000 432.610000 110 104 92
979.530000 325.370000 855.910000 432.940000 47 47 47
576.340000 324.880000 456.020000 430.370000 220 220 217
950.880000 321.570000 833.460000 430.030000 124 130 130
553.710000 318.760000 428.970000 424.170000 84 69 61
493.860000 317.740000 350.840000 419.730000 121 129 154
1199.360000 314.230000 1001.370000 421.540000 163 157 153
598.190000 313.810000 480.960000 419.480000 254 252 252
305.240000 310.550000 116.150000 408.440000 249 253 255
554.190000 306.680000 429.540000 411.600000 60 46 31
1204.910000 304.230000 1003.570000 412.940000 107 98 93
599.030000 298.410000 481.600000 404.310000 255 247 248
1114.040000 293.530000 947.110000 403.730000 149 154 185
601.990000 291.690000 484.900000 397.640000 69 57 53
436.600000 290.630000 286.190000 390.660000 119 126 123
1204.820000 290.090000 1001.410000 400.050000 104 88 85
597.380000 288.420000 479.780000 394.260000 229 218 208
415.360000 287.890000 259.450000 387.030000 98 104 111
465.990000 287.390000 319.310000 388.160000 106 117 125
1223.920000 286.490000 1014.030000 399.460000 35 21 26
411.730000 284.450000 255.570000 382.720000 231 240 247
592.970000 281.660000 476.030000 385.670000 87 73 57
758.270000 278.110000 655.390000 385.490000 186 227 252
470.540000 278.530000 326.620000 378.560000 230 251 252
599.520000 277.000000 482.180000 382.630000 110 94 80
1081.740000 276.160000 924.090000 389.370000 202 196 190
498.400000 275.630000 357.870000 378.270000 238 253 255
1064.920000 265.150000 910.600000 379.920000 68 76 87
709.990000 263.080000 603.850000 370.710000 199 236 255
297.950000 262.000000 109.430000 354.300000 164 172 186
390.110000 261.730000 229.870000 358.680000 87 108 140
581.360000 260.160000 459.700000 365.580000 251 233 238
1184.770000 258.520000 989.150000 376.850000 91 83 90
384.540000 257.880000 224.610000 354.700000 216 234 253
1135.510000 257.580000 956.310000 373.880000 43 36 37
273.770000 257.460000 76.030000 346.950000 244 251 255
291.820000 253.500000 103.830000 345.520000 235 248 250
502.050000 252.110000 361.720000 353.220000 53 113 137
597.170000 248.370000 479.400000 353.780000 234 220 223
1073.800000 240.350000 914.670000 359.000000 53 51 40
453.450000 239.840000 307.810000 339.330000 56 82 109
1085.360000 237.420000 922.490000 356.130000 216 203 206
1081.180000 235.090000 919.100000 354.740000 32 25 21
686.920000 233.780000 577.590000 342.860000 46 42 44
445.000000 226.930000 299.830000 326.280000 91 109 129
1141.890000 226.610000 957.050000 349.310000 137 121 120
1173.890000 225.850000 977.570000 349.870000 143 135 127
727.410000 226.130000 620.980000 335.970000 214 236 253
938.970000 223.650000 815.810000 341.390000 158 155 151
351.730000 220.170000 186.750000 313.180000 240 253 255
458.420000 216.980000 313.950000 317.160000 64 120 151
362.090000 215.900000 198.260000 309.290000 222 255 255
1002.740000 211.130000 862.040000 332.520000 58 51 51
317.250000 210.670000 141.720000 300.230000 44 114 188
499.660000 207.390000 361.420000 309.050000 79 101 160
947.150000 206.670000 819.940000 326.790000 124 122 119
364.210000 206.770000 202.440000 300.110000 219 255 255
968.110000 204.230000 835.630000 325.500000 52 48 46
394.700000 203.800000 238.280000 298.990000 81 144 182
460.890000 202.970000 319.210000 302.590000 181 213 246
968.560000 196.590000 835.820000 319.330000 55 52 47
277.000000 195.280000 90.280000 280.270000 180 195 210
963.290000 194.510000 830.860000 316.780000 54 51 46
397.900000 193.980000 243.470000 288.370000 82 130 164
382.170000 186.180000 226.200000 280.060000 55 111 136
798.710000 183.670000 692.880000 300.420000 96 80 64
798.710000 183.670000 692.880000 300.420000 96 80 64
565.770000 180.450000 443.040000 286.290000 226 246 252
778.640000 179.480000 672.850000 295.220000 69 59 54
910.170000 179.060000 789.900000 301.550000 193 183 170
1152.610000 178.580000 958.280000 311.610000 223 215 217
923.770000 177.860000 801.070000 301.150000 65 63 64
795.270000 175.820000 688.960000 292.780000 254 239 231
443.380000 175.650000 300.500000 273.440000 83 99 130
929.790000 175.430000 807.740000 300.870000 118 116 115
942.040000 174.740000 814.000000 299.480000 52 42 37
477.460000 173.040000 338.470000 273.740000 223 247 254
1202.790000 172.690000 985.590000 310.940000 71 63 62
792.240000 171.970000 685.780000 289.310000 147 134 132
792.240000 171.970000 685.780000 289.310000 147 134 132
791.950000 168.040000 685.180000 286.470000 150 134 131
1237.690000 164.320000 1004.980000 306.020000 23 16 33
937.840000 162.190000 809.440000 288.400000 73 61 67
1241.270000 161.290000 1005.940000 303.040000 95 89 107
1149.570000 161.410000 953.660000 299.220000 112 107 113
576.850000 158.440000 455.160000 266.330000 242 242 251
353.480000 158.150000 193.350000 249.510000 79 129 143
948.330000 155.330000 817.230000 283.480000 73 57 54
286.940000 136.420000 110.350000 220.160000 200 255 255
1172.990000 135.890000 965.260000 280.920000 132 118 121
345.330000 131.420000 185.800000 221.510000 131 136 145
297.320000 131.420000 123.990000 215.890000 236 253 255
448.780000 130.450000 308.860000 230.510000 231 249 255
1058.280000 127.630000 892.540000 268.010000 185 189 184
596.620000 127.460000 477.080000 238.210000 253 250 253
895.280000 126.770000 773.170000 255.890000 74 57 47
612.480000 122.000000 494.470000 234.020000 191 183 182
1073.550000 120.700000 900.440000 262.840000 102 103 96
929.920000 119.050000 799.640000 252.460000 153 139 140
370.890000 115.350000 217.780000 208.990000 80 179 182
604.770000 112.230000 487.390000 223.000000 73 68 69
552.510000 109.050000 427.890000 219.000000 247 239 241
694.300000 108.440000 581.420000 226.500000 85 83 82
450.810000 108.680000 313.430000 209.580000 74 144 163
1080.390000 102.260000 903.870000 251.970000 125 118 113
1021.690000 102.110000 863.350000 244.790000 169 153 145
601.070000 90.830000 484.390000 204.390000 206 192 189
1146.930000 88.740000 943.340000 243.360000 78 74 76
1116.310000 88.010000 923.260000 238.950000 71 77 82
992.060000 86.720000 841.790000 230.720000 183 183 183
992.060000 86.720000 841.790000 230.720000 183 183 183
521.970000 83.800000 395.140000 192.230000 199 199 211
443.140000 81.410000 306.350000 183.270000 157 192 210
326.730000 79.590000 165.500000 167.140000 212 252 255
729.820000 78.420000 617.150000 204.080000 153 146 145
879.100000 74.970000 757.180000 210.670000 151 137 138
834.920000 73.960000 721.880000 207.040000 198 187 198
912.880000 73.210000 782.450000 213.410000 106 91 79
1080.030000 70.880000 899.430000 225.560000 111 105 101
814.040000 70.330000 700.820000 203.100000 255 252 229
1079.800000 65.120000 898.520000 221.190000 145 136 137
988.780000 64.930000 835.870000 213.740000 75 86 87
834.770000 55.050000 720.010000 191.610000 255 244 238
1064.000000 53.910000 885.950000 211.350000 186 183 182
1080.010000 53.150000 897.390000 211.460000 90 79 86
936.290000 52.830000 797.620000 198.800000 156 167 169
907.480000 46.860000 775.860000 191.790000 172 150 138
1064.260000 42.410000 884.930000 204.170000 147 147 147
1004.440000 39.330000 845.050000 193.990000 186 182 192
668.780000 39.430000 554.420000 166.590000 243 232 236
693.150000 38.140000 578.330000 166.970000 81 77 79
608.030000 35.810000 488.980000 157.000000 199 195 193
952.250000 35.030000 806.960000 186.800000 208 217 200
859.750000 28.720000 738.670000 172.010000 180 166 153
1200.550000 22.080000 963.630000 199.960000 43 34 44
1075.170000 15.530000 890.580000 183.100000 67 56 64
1147.140000 14.930000 934.540000 190.150000 132 123 117
682.340000 7.640000 567.380000 138.660000 94 90 92
637.740000 552.340000 542.000000 679.260000 125 109 101
666.990000 548.240000 573.970000 671.630000 253 244 237
846.260000 543.780000 769.440000 654.770000 251 236 232
1095.310000 538.550000 976.400000 625.670000 66 53 57
813.070000 536.960000 741.000000 651.510000 251 255 138
774.680000 530.990000 702.500000 648.560000 83 63 50
774.680000 530.990000 702.500000 648.560000 83 63 50
867.240000 523.930000 790.960000 633.280000 255 213 150
666.190000 516.550000 566.100000 632.360000 197 174 166
855.980000 508.260000 775.740000 616.200000 88 60 48
500.990000 500.810000 366.580000 623.780000 193 181 175
544.400000 494.170000 425.250000 616.200000 66 53 48
413.300000 493.010000 252.940000 620.420000 252 255 253
420.040000 491.010000 261.700000 616.440000 249 253 248
554.690000 487.580000 435.930000 608.270000 138 116 102
906.070000 486.060000 815.180000 589.310000 96 77 56
982.500000 485.010000 875.320000 581.260000 154 153 147
848.590000 484.970000 766.420000 593.630000 112 94 88
848.590000 484.970000 766.420000 593.630000 112 94 88
350.740000 479.900000 163.620000 605.980000 245 244 251
840.100000 478.580000 757.540000 586.560000 252 239 231
840.100000 478.580000 757.540000 586.560000 252 239 231
927.900000 476.200000 833.060000 577.480000 105 85 76
371.770000 476.100000 192.400000 599.670000 101 91 89
838.480000 475.280000 754.870000 583.410000 169 144 135
848.420000 475.050000 765.060000 583.050000 83 62 56
474.750000 471.500000 326.940000 588.480000 217 215 201
381.860000 468.590000 208.040000 590.720000 119 114 94
436.570000 465.390000 277.670000 582.610000 62 68 27
430.830000 463.030000 269.790000 579.890000 70 71 53
766.520000 461.790000 676.820000 572.220000 164 139 123
353.390000 455.500000 166.500000 573.630000 132 132 172
329.910000 455.250000 132.930000 575.160000 117 110 139
268.990000 454.760000 44.260000 577.750000 77 72 90
371.170000 451.480000 191.320000 568.590000 151 139 132
1077.450000 450.040000 942.360000 543.010000 162 152 147
668.040000 449.740000 565.040000 561.500000 107 86 77
564.980000 445.740000 443.000000 559.250000 248 231 216
459.020000 445.410000 307.920000 559.360000 165 154 145
982.120000 443.490000 870.310000 542.040000 89 78 80
484.570000 440.520000 336.180000 551.810000 142 131 128
484.570000 440.520000 336.180000 551.810000 142 131 128
346.130000 440.520000 156.340000 556.520000 113 105 128
982.160000 439.980000 869.680000 538.130000 87 76 78
490.310000 437.980000 343.320000 548.890000 21 13 13
945.800000 435.430000 842.800000 536.460000 188 170 170
724.090000 432.940000 625.360000 542.900000 129 130 112
735.420000 432.200000 638.320000 542.080000 145 143 128
841.230000 430.410000 754.820000 537.850000 255 238 227
710.830000 426.120000 613.460000 536.290000 241 227 206
291.400000 423.970000 80.790000 538.280000 105 94 118
992.640000 422.290000 878.240000 521.250000 24 15 6
992.600000 417.800000 877.400000 517.420000 102 86 77
436.760000 417.600000 280.050000 528.320000 80 75 55
434.320000 414.510000 277.220000 524.500000 188 183 165
434.320000 414.510000 277.220000 524.500000 188 183 165
470.300000 414.150000 320.470000 522.790000 124 111 113
415.590000 411.020000 259.980000 523.550000 51 42 35
517.830000 409.990000 384.440000 516.260000 71 58 61
287.360000 410.110000 77.120000 522.230000 25 16 35
261.950000 409.470000 50.280000 522.950000 28 22 42
432.010000 405.660000 275.040000 516.510000 60 54 43
369.330000 405.480000 191.430000 514.050000 177 163 166
518.020000 403.640000 384.640000 508.290000 71 58 61
419.070000 402.120000 264.560000 513.660000 209 202 198
419.070000 402.120000 264.560000 513.660000 209 202 198
1017.510000 400.980000 894.200000 501.070000 67 56 48
658.320000 397.770000 551.780000 507.260000 109 89 82
676.040000 397.180000 572.510000 506.550000 232 219 215
667.330000 396.720000 562.220000 506.040000 93 72 63
673.160000 394.980000 569.010000 504.320000 107 87 82
673.160000 394.980000 569.010000 504.320000 107 87 82
658.560000 394.620000 552.020000 503.750000 255 238 231
678.540000 393.650000 574.960000 502.620000 104 89 85
557.740000 393.630000 434.600000 503.060000 254 248 240
557.740000 393.630000 434.600000 503.060000 254 248 240
668.070000 390.050000 562.580000 499.310000 91 70 61
559.130000 389.840000 435.160000 499.490000 127 115 109
846.930000 389.050000 757.430000 496.560000 105 84 75
708.550000 384.160000 606.980000 493.110000 255 246 241
965.430000 383.310000 853.070000 486.380000 167 159 139
291.210000 381.310000 85.430000 488.590000 122 119 134
833.980000 380.740000 743.010000 488.420000 171 155 143
375.390000 379.960000 201.650000 488.400000 163 150 151
318.690000 375.840000 125.250000 482.210000 65 62 79
665.420000 374.910000 559.070000 483.720000 246 233 231
361.920000 373.710000 184.950000 479.280000 74 77 94
964.290000 371.210000 851.610000 474.780000 210 202 183
502.660000 370.330000 358.400000 475.250000 136 127 137
290.860000 369.570000 86.240000 474.240000 121 119 128
846.530000 369.660000 755.770000 477.910000 98 77 75
486.090000 367.950000 339.420000 472.520000 76 68 71
351.680000 366.430000 171.030000 470.850000 140 141 165
351.680000 366.430000 171.030000 470.850000 140 141 165
482.310000 366.110000 335.780000 470.620000 143 131 137
465.910000 364.470000 316.390000 469.340000 77 69 71
800.390000 362.010000 718.290000 467.400000 123 108 101
800.390000 362.010000 718.290000 467.400000 123 108 101
352.340000 361.910000 171.220000 466.030000 150 151 185
467.730000 361.310000 319.050000 466.200000 149 142 138
393.590000 360.730000 229.050000 466.180000 73 64 69
812.150000 359.480000 718.290000 467.400000 133 122 110
812.150000 359.480000 718.290000 467.400000 133 122 110
923.010000 357.540000 816.590000 463.260000 69 54 45
515.190000 357.250000 382.730000 460.660000 150 141 152
912.560000 355.910000 806.170000 461.630000 75 60 51
841.150000 353.330000 747.420000 461.460000 132 120 116
687.940000 352.280000 582.780000 460.320000 161 152 153
843.030000 350.060000 749.080000 458.200000 255 249 250
843.030000 350.060000 749.080000 458.200000 255 249 250
295.320000 348.090000 95.470000 450.320000 146 143 160
342.660000 345.360000 159.720000 446.940000 250 247 254
445.720000 345.100000 295.730000 449.250000 232 226 220
286.900000 344.800000 83.860000 446.830000 98 95 110
419.280000 343.800000 262.880000 447.610000 207 202 199
419.280000 343.800000 262.880000 447.610000 207 202 199
296.700000 344.170000 97.760000 445.560000 71 67 90
961.230000 338.770000 844.550000 444.760000 122 112 94
673.520000 338.150000 566.570000 445.330000 241 235 227
416.400000 336.940000 260.000000 440.280000 226 226 224
416.400000 336.940000 260.000000 440.280000 226 226 224
731.190000 335.690000 629.590000 443.670000 255 253 254
481.990000 334.900000 336.260000 439.650000 120 114 125
362.540000 332.430000 189.050000 432.490000 250 249 252
746.350000 329.810000 644.400000 438.110000 196 219 210
956.870000 327.440000 838.720000 434.310000 68 67 61
481.890000 326.580000 336.410000 429.630000 131 127 137
419.800000 326.360000 263.250000 429.250000 86 86 91
381.380000 324.710000 214.170000 425.010000 96 90 92
397.100000 324.090000 234.090000 424.660000 246 245 249
555.260000 323.560000 430.460000 429.360000 255 249 242
430.960000 323.710000 276.170000 427.020000 182 183 187
457.660000 321.440000 308.830000 423.260000 150 152 171
405.370000 317.050000 247.730000 418.040000 254 254 252
500.680000 316.630000 358.100000 419.590000 153 158 177
672.620000 311.830000 564.520000 419.070000 229 221 218
595.550000 311.060000 477.840000 416.480000 93 92 96
376.190000 310.030000 207.100000 409.480000 221 221 218
573.490000 309.370000 452.860000 413.920000 57 49 50
550.490000 307.870000 426.540000 413.600000 246 234 221
595.050000 297.110000 477.320000 401.890000 66 56 63
766.620000 293.310000 664.540000 405.150000 155 175 180
299.940000 292.970000 111.220000 389.200000 75 106 139
997.380000 289.870000 865.350000 400.720000 167 167 153
751.310000 286.460000 645.990000 395.480000 239 254 255
600.440000 284.450000 482.890000 389.790000 106 92 81
464.610000 283.470000 317.620000 384.280000 226 248 253
703.570000 282.270000 596.660000 391.760000 144 163 161
508.510000 281.650000 368.080000 383.330000 88 93 100
843.440000 280.880000 744.430000 391.680000 58 39 42
717.620000 276.010000 611.440000 387.710000 187 228 239
447.560000 273.020000 301.530000 372.700000 217 236 255
454.100000 271.740000 309.380000 372.040000 213 255 255
1148.860000 270.900000 967.540000 385.810000 55 51 51
915.350000 267.990000 802.010000 380.050000 102 83 76
341.490000 267.470000 169.060000 362.250000 130 239 249
281.780000 266.260000 87.220000 357.940000 225 247 255
478.230000 265.630000 333.540000 366.670000 72 140 161
457.630000 265.710000 314.220000 365.800000 49 143 162
380.460000 263.920000 219.030000 361.740000 89 105 134
842.830000 261.900000 742.460000 374.060000 85 68 61
696.820000 258.340000 588.780000 367.220000 89 91 97
671.480000 256.620000 562.030000 364.790000 252 245 241
387.790000 255.250000 228.530000 351.830000 64 82 112
1111.890000 254.740000 942.430000 372.490000 86 82 82
682.530000 251.460000 574.020000 359.830000 242 235 236
726.020000 251.180000 620.850000 360.220000 83 92 109
439.790000 251.070000 293.550000 349.830000 207 227 245
1068.120000 250.220000 911.480000 366.920000 176 177 167
548.050000 243.480000 421.930000 347.900000 252 244 238
883.280000 243.120000 774.420000 357.310000 201 175 172
1040.650000 241.570000 892.520000 359.840000 162 153 153
1066.880000 240.780000 910.080000 359.380000 151 154 145
988.920000 241.090000 853.370000 357.450000 137 139 135
992.490000 240.180000 856.240000 357.760000 70 70 66
1037.570000 236.980000 889.600000 355.700000 134 120 121
1052.700000 235.130000 899.750000 354.580000 140 139 131
761.930000 233.980000 657.030000 345.400000 119 134 145
1053.140000 231.600000 900.070000 351.580000 72 71 65
1045.300000 231.470000 894.390000 350.680000 151 141 136
1061.120000 231.120000 906.810000 351.940000 169 166 158
1081.740000 230.540000 919.030000 351.190000 150 143 139
458.120000 228.080000 316.940000 326.540000 72 91 119
675.990000 226.000000 566.880000 334.490000 250 242 227
725.390000 222.060000 618.540000 332.720000 66 62 83
506.110000 222.020000 367.490000 322.930000 213 255 255
671.320000 220.720000 560.980000 329.170000 245 240 230
740.290000 219.590000 633.310000 332.560000 41 43 51
728.090000 217.750000 621.400000 328.410000 234 221 229
693.750000 214.590000 588.190000 323.190000 251 243 226
728.650000 212.370000 621.900000 323.630000 227 213 220
486.850000 212.140000 348.080000 312.740000 66 102 134
331.370000 210.730000 160.620000 301.090000 76 102 126
581.380000 210.240000 459.950000 315.820000 101 121 128
581.380000 210.240000 459.950000 315.820000 101 121 128
730.520000 209.060000 623.380000 320.500000 54 40 47
955.420000 207.480000 825.800000 328.090000 178 174 172
1002.250000 206.560000 862.750000 329.440000 121 114 113
1002.250000 206.560000 862.750000 329.440000 121 114 113
656.340000 204.580000 543.230000 314.390000 245 232 232
559.330000 203.790000 435.230000 306.690000 190 217 237
260.110000 201.230000 65.860000 284.400000 251 253 255
958.270000 200.280000 827.500000 322.000000 57 54 49
642.870000 194.220000 528.950000 303.070000 195 181 168
642.870000 194.220000 528.950000 303.070000 195 181 168
658.600000 193.100000 546.900000 302.570000 96 87 69
658.600000 193.100000 546.900000 302.570000 96 87 69
656.060000 190.940000 671.370000 279.570000 251 241 227
602.760000 191.060000 484.370000 298.240000 126 151 156
388.790000 189.150000 233.790000 283.090000 106 177 209
561.930000 182.000000 438.440000 287.280000 109 141 165
633.590000 180.340000 517.860000 288.810000 200 185 178
695.000000 175.880000 585.200000 288.510000 213 200 201
640.040000 173.160000 526.370000 283.780000 254 248 239
646.870000 169.220000 528.060000 278.870000 255 243 236
1067.400000 155.940000 900.680000 290.420000 110 94 90
340.930000 153.920000 176.780000 243.360000 229 255 255
427.350000 150.780000 282.660000 248.120000 71 114 134
712.690000 147.450000 603.010000 263.160000 249 246 212
376.000000 146.120000 221.760000 239.260000 59 134 173
570.860000 145.190000 449.900000 252.350000 148 146 137
502.930000 145.250000 367.170000 249.370000 98 133 177
370.950000 145.040000 214.780000 237.310000 188 255 255
417.720000 137.010000 272.360000 233.440000 70 133 162
605.780000 131.640000 488.440000 241.980000 159 156 161
605.780000 131.640000 488.440000 241.980000 159 156 161
439.090000 131.590000 296.910000 230.210000 197 249 255
586.000000 126.500000 465.970000 236.970000 253 250 244
325.170000 125.390000 160.250000 213.670000 66 154 167
449.970000 123.690000 310.650000 223.190000 210 242 251
590.910000 122.480000 471.160000 232.350000 136 135 127
934.530000 121.230000 803.100000 254.090000 145 128 130
684.060000 119.470000 571.640000 236.410000 167 159 162
695.620000 118.290000 582.050000 236.540000 155 143 138
394.070000 117.190000 244.740000 211.320000 123 172 187
547.050000 115.850000 422.920000 223.790000 254 248 240
637.520000 104.900000 520.870000 219.570000 205 193 182
412.890000 103.270000 268.270000 200.510000 191 247 250
558.150000 100.560000 435.530000 207.870000 251 244 249
778.650000 97.770000 661.450000 227.510000 254 239 221
805.190000 95.880000 694.290000 223.390000 216 204 208
588.590000 95.320000 468.960000 207.970000 184 169 169
542.400000 94.210000 578.950000 114.670000 196 186 183
993.250000 91.850000 842.040000 234.290000 106 103 98
652.150000 89.320000 538.060000 207.510000 252 238 229
298.220000 87.950000 127.670000 171.100000 176 195 205
598.700000 86.300000 479.900000 200.620000 240 224 220
316.380000 86.460000 152.000000 172.750000 101 180 199
595.620000 84.240000 476.570000 198.850000 191 175 171
406.060000 84.510000 263.490000 181.610000 120 181 187
402.970000 82.000000 258.460000 179.290000 242 254 255
408.650000 79.890000 266.090000 178.250000 210 254 255
404.420000 78.630000 261.510000 176.330000 160 184 198
619.030000 75.760000 502.300000 192.530000 205 190 181
298.520000 76.190000 129.050000 159.500000 165 188 181
849.360000 74.270000 734.430000 208.800000 45 32 35
324.780000 74.100000 164.220000 162.290000 141 172 187
460.630000 70.460000 326.260000 175.120000 208 254 255
387.490000 65.740000 242.600000 161.010000 219 255 255
1066.460000 64.980000 889.190000 219.050000 117 120 111
950.180000 64.950000 809.730000 210.240000 71 69 70
649.250000 63.310000 534.070000 184.180000 205 189 185
652.140000 60.670000 536.480000 181.210000 251 236 232
591.640000 54.240000 471.420000 171.870000 245 234 238
900.180000 51.600000 770.440000 195.440000 91 69 67
906.950000 50.770000 775.120000 194.920000 126 105 98
941.010000 46.920000 798.420000 191.960000 94 105 131
1064.250000 42.630000 884.930000 204.170000 147 147 147
367.380000 42.420000 221.100000 138.040000 172 203 218
696.570000 39.890000 582.230000 168.140000 235 233 235
640.700000 33.310000 524.780000 156.410000 206 194 189
849.610000 31.600000 730.890000 173.880000 163 142 140
672.540000 17.660000 558.180000 147.010000 199 186 181
558.250000 16.260000 437.000000 134.000000 193 180 180
695.660000 13.570000 580.600000 145.820000 242 239 243
778.100000 665.860000 731.660000 829.000000 198 178 167
935.810000 575.230000 857.630000 679.350000 169 143 136
872.690000 567.470000 800.010000 678.970000 210 96 44
669.150000 550.890000 577.050000 674.340000 176 162 152
633.000000 550.880000 535.610000 677.670000 224 207 198
908.410000 550.590000 825.330000 654.040000 102 85 72
1030.070000 547.190000 926.510000 639.760000 140 123 113
847.090000 547.060000 770.400000 657.680000 109 86 78
854.610000 545.740000 777.470000 655.650000 86 60 53
851.890000 544.080000 774.970000 654.480000 174 148 143
898.490000 543.420000 815.590000 648.510000 110 91 76
853.640000 541.210000 776.510000 651.120000 93 67 61
1021.340000 531.800000 911.680000 624.180000 63 46 39
961.180000 531.820000 865.550000 629.550000 193 182 168
1071.420000 529.890000 953.240000 617.600000 104 92 90
1071.420000 529.890000 953.240000 617.600000 104 92 90
958.880000 529.800000 862.900000 629.070000 66 51 41
942.640000 528.720000 809.050000 618.010000 124 103 101
835.620000 522.440000 756.220000 632.860000 163 138 130
887.620000 514.170000 750.140000 603.450000 105 85 74
864.080000 511.920000 786.560000 619.100000 113 84 66
941.400000 510.780000 848.070000 610.440000 167 152 143
623.460000 510.280000 523.530000 632.540000 253 242 230
510.590000 509.690000 379.370000 634.240000 233 218 214
488.470000 507.640000 350.260000 633.540000 125 107 104
509.160000 506.910000 378.030000 631.180000 155 138 135
388.000000 507.090000 218.040000 640.080000 255 249 255
848.070000 504.430000 767.620000 613.130000 87 65 54
848.070000 504.430000 767.620000 613.130000 87 65 54
497.580000 499.890000 363.210000 623.740000 110 99 91
483.640000 497.370000 345.910000 620.640000 198 192 178
373.640000 494.300000 197.420000 623.840000 139 141 167
826.510000 493.870000 744.440000 603.370000 175 149 141
826.510000 493.870000 744.440000 603.370000 175 149 141
432.680000 489.920000 276.360000 613.690000 247 255 244
260.010000 485.490000 29.410000 620.870000 58 53 90
839.480000 485.060000 756.680000 593.540000 172 149 141
362.510000 485.030000 181.230000 612.000000 79 74 102
750.100000 484.260000 659.660000 596.560000 245 229 215
883.850000 483.060000 796.420000 588.150000 106 85 76
353.100000 482.490000 168.130000 608.530000 73 70 82
264.060000 480.400000 35.800000 613.590000 104 101 130
848.180000 480.030000 765.860000 588.240000 106 86 80
843.490000 480.150000 760.710000 588.250000 159 137 129
954.550000 478.350000 806.690000 558.350000 74 58 54
885.210000 478.310000 797.130000 583.040000 92 71 61
552.820000 478.450000 433.640000 597.230000 248 225 209
831.020000 477.860000 748.110000 586.310000 243 233 220
896.000000 477.430000 807.170000 581.360000 75 55 44
718.740000 474.440000 622.640000 591.520000 98 86 73
843.950000 474.730000 760.710000 582.910000 172 149 141
843.950000 474.730000 760.710000 582.910000 172 149 141
873.720000 473.800000 730.100000 564.740000 75 55 42
890.090000 473.190000 801.200000 577.690000 56 36 25
828.550000 472.810000 745.450000 581.540000 247 222 207
462.790000 472.330000 312.100000 589.440000 80 87 41
462.790000 472.330000 312.100000 589.440000 80 87 41
459.710000 470.790000 307.800000 589.030000 170 183 126
730.370000 470.540000 633.880000 581.340000 203 226 217
344.580000 470.190000 154.410000 593.220000 245 246 236
372.060000 466.330000 194.580000 588.270000 106 98 97
843.920000 465.500000 760.250000 573.150000 155 134 127
444.420000 465.490000 287.230000 582.090000 61 65 31
433.350000 465.400000 272.570000 583.140000 209 214 176
863.220000 464.750000 778.030000 570.890000 98 79 66
841.080000 463.430000 776.240000 578.730000 246 225 216
928.750000 462.360000 832.530000 568.040000 81 62 52
866.980000 462.540000 780.290000 568.580000 153 133 120
790.420000 456.750000 703.070000 565.960000 160 139 119
857.720000 455.530000 771.510000 562.310000 113 93 80
898.510000 454.800000 806.690000 558.350000 80 60 56
925.910000 453.860000 829.310000 555.760000 118 98 89
870.770000 448.570000 782.420000 554.300000 182 162 151
460.340000 448.340000 310.190000 562.730000 76 64 59
574.830000 448.210000 453.930000 561.120000 53 42 32
430.960000 447.770000 270.870000 562.530000 58 46 49
448.360000 445.700000 292.820000 559.150000 127 116 108
397.610000 445.270000 227.740000 560.850000 69 56 59
840.700000 444.610000 755.150000 551.950000 243 235 224
847.060000 441.730000 762.250000 548.850000 114 93 84
847.060000 441.730000 762.250000 548.850000 114 93 84
577.650000 439.540000 457.810000 552.330000 252 242 224
496.190000 438.390000 350.570000 548.890000 26 17 22
502.190000 437.880000 357.260000 548.310000 32 23 30
514.900000 437.530000 375.290000 545.850000 58 49 52
869.630000 436.790000 780.310000 542.890000 85 64 55
843.790000 437.170000 757.140000 544.470000 144 124 113
302.990000 436.890000 94.990000 554.470000 100 96 122
839.020000 432.740000 752.340000 540.220000 157 135 123
839.020000 432.740000 752.340000 540.220000 157 135 123
372.680000 428.170000 195.200000 542.030000 244 226 224
816.980000 427.620000 716.380000 536.680000 253 235 224
886.400000 423.830000 793.340000 528.710000 62 45 39
458.160000 423.900000 307.510000 534.790000 75 64 49
501.760000 423.520000 357.260000 532.560000 36 34 33
863.060000 423.040000 774.040000 529.430000 78 58 45
863.060000 423.040000 774.040000 529.430000 78 58 45
301.490000 421.600000 95.820000 535.740000 83 76 98
837.530000 418.430000 749.830000 525.800000 161 141 130
834.210000 416.300000 745.930000 524.020000 244 232 221
807.920000 416.510000 718.350000 524.590000 169 147 135
436.940000 412.310000 281.090000 521.540000 98 93 77
774.940000 411.610000 683.600000 519.700000 149 126 118
373.030000 411.200000 196.410000 522.620000 242 224 222
460.810000 410.520000 311.430000 520.540000 93 84 60
752.830000 409.900000 658.570000 518.940000 178 163 157
866.780000 408.550000 775.670000 515.160000 72 52 43
619.150000 407.910000 508.520000 517.770000 183 174 165
831.220000 404.760000 741.480000 512.260000 164 144 133
642.930000 397.850000 533.050000 507.320000 252 241 236
786.720000 396.900000 693.960000 505.170000 174 153 146
646.800000 396.770000 537.660000 506.320000 254 243 238
867.340000 395.440000 774.610000 501.650000 79 57 47
360.600000 394.590000 181.530000 503.170000 136 129 149
870.560000 393.390000 777.240000 499.580000 144 122 112
884.590000 389.330000 788.740000 494.830000 174 151 143
671.170000 389.620000 566.060000 498.450000 102 85 79
564.010000 387.530000 440.460000 496.490000 94 86 89
1070.080000 386.100000 884.720000 480.900000 58 55 50
690.340000 382.800000 594.620000 489.840000 244 234 228
815.720000 381.740000 706.130000 487.630000 222 208 203
664.900000 379.790000 558.420000 488.830000 238 227 224
705.220000 379.560000 603.970000 487.900000 251 241 233
466.330000 378.900000 316.420000 484.680000 55 50 57
584.740000 378.280000 464.980000 486.590000 57 59 59
799.340000 377.120000 695.960000 486.890000 157 141 137
719.490000 376.560000 628.000000 483.010000 254 244 234
464.350000 375.890000 314.540000 482.220000 105 98 106
724.610000 375.400000 633.160000 481.990000 255 250 245
846.330000 373.870000 755.450000 482.200000 104 83 74
437.450000 374.100000 284.360000 480.750000 189 182 159
508.360000 373.700000 366.360000 478.510000 42 34 44
834.090000 371.120000 742.840000 479.070000 162 150 142
834.090000 371.120000 742.840000 479.070000 162 150 142
1018.000000 370.650000 890.060000 472.630000 77 65 53
461.540000 369.810000 312.030000 474.860000 81 76 67
419.110000 368.890000 260.490000 474.900000 87 80 73
263.850000 368.390000 48.900000 475.500000 120 115 133
381.510000 364.990000 211.670000 468.800000 112 100 96
775.140000 364.540000 677.210000 473.050000 255 247 241
1059.090000 364.150000 845.700000 456.100000 178 159 146
857.990000 362.270000 764.580000 469.770000 79 70 57
485.910000 362.540000 339.400000 467.590000 81 69 74
953.270000 361.800000 840.350000 465.980000 61 45 37
806.210000 360.870000 713.230000 468.470000 151 140 129
508.340000 361.040000 365.350000 466.090000 67 60 63
373.170000 360.400000 201.080000 462.740000 147 139 138
365.030000 359.870000 189.520000 463.330000 182 187 200
690.960000 359.560000 584.760000 468.160000 198 187 176
771.020000 358.380000 674.250000 466.410000 170 149 140
795.710000 357.040000 700.030000 465.310000 164 143 134
389.740000 354.060000 223.300000 459.230000 110 102 109
812.010000 353.420000 717.240000 461.630000 180 154 149
817.290000 352.290000 722.950000 460.450000 175 149 144
718.650000 351.920000 615.230000 460.460000 187 180 176
722.720000 350.980000 623.120000 458.430000 196 184 180
464.690000 349.030000 318.540000 453.070000 197 192 184
464.690000 349.030000 318.540000 453.070000 197 192 184
835.060000 348.490000 741.740000 456.480000 176 159 151
795.390000 348.430000 700.000000 456.580000 188 160 149
815.250000 347.920000 718.760000 456.740000 172 146 137
739.550000 346.340000 639.470000 454.460000 182 172 165
464.010000 345.960000 318.290000 449.350000 74 69 71
827.350000 345.450000 731.750000 453.510000 186 163 153
817.510000 340.310000 722.350000 448.960000 248 232 221
419.590000 340.190000 263.150000 443.700000 88 84 82
293.250000 339.970000 92.990000 440.900000 76 69 98
287.100000 339.500000 85.420000 440.780000 93 87 109
970.720000 337.900000 852.050000 443.980000 247 241 230
843.670000 337.410000 749.400000 446.010000 146 125 123
444.800000 337.520000 295.000000 440.950000 159 156 149
718.710000 335.490000 614.990000 442.950000 156 165 173
457.160000 335.020000 310.270000 437.990000 224 224 222
884.920000 334.450000 783.790000 442.360000 75 52 48
418.030000 334.040000 261.630000 436.240000 96 97 97
843.860000 332.650000 748.900000 441.180000 128 107 105
565.110000 330.200000 442.070000 435.800000 216 213 216
840.060000 328.450000 744.630000 436.980000 159 136 129
412.110000 328.390000 254.360000 429.860000 195 196 196
412.110000 328.390000 254.360000 429.860000 195 196 196
792.090000 327.850000 695.990000 436.040000 190 177 172
574.510000 328.030000 453.290000 433.590000 73 73 75
692.960000 326.400000 587.020000 432.190000 77 76 70
571.940000 326.510000 450.470000 431.990000 189 191 197
818.550000 325.060000 722.230000 434.010000 169 140 130
789.740000 324.070000 691.220000 433.180000 173 161 159
919.910000 323.060000 810.510000 431.140000 81 66 54
919.910000 323.060000 810.510000 431.140000 81 66 54
793.440000 318.790000 694.830000 427.720000 195 183 178
855.550000 317.880000 757.280000 427.090000 167 144 138
589.430000 317.690000 471.180000 423.100000 206 206 213
589.430000 317.690000 471.180000 423.100000 206 206 213
797.210000 315.900000 699.670000 424.580000 232 219 211
551.370000 315.910000 426.400000 420.480000 250 238 227
405.230000 312.270000 247.910000 414.520000 217 217 214
405.230000 312.270000 247.910000 414.520000 217 217 214
951.540000 311.350000 832.540000 423.000000 114 125 124
403.630000 307.250000 246.160000 408.760000 184 183 187
334.600000 307.180000 156.340000 405.550000 236 247 254
372.770000 305.530000 204.220000 403.830000 201 201 206
838.750000 305.220000 742.360000 414.550000 160 139 132
879.940000 302.920000 775.980000 411.910000 143 121 120
879.940000 302.920000 775.980000 411.910000 143 121 120
847.340000 300.160000 697.350000 405.570000 84 64 59
817.490000 297.650000 719.670000 407.450000 181 156 147
813.650000 297.060000 715.320000 407.010000 249 234 224
795.350000 296.660000 697.350000 405.570000 161 148 146
801.880000 292.720000 702.140000 402.060000 247 232 221
325.540000 291.420000 145.780000 387.800000 129 165 189
749.050000 290.060000 643.720000 397.790000 181 197 198
853.420000 287.860000 754.220000 398.650000 67 45 51
445.310000 284.050000 298.120000 384.740000 93 100 107
819.400000 283.660000 721.900000 393.450000 177 157 146
833.550000 282.920000 733.950000 393.980000 181 161 151
349.190000 282.460000 179.540000 379.860000 233 254 255
823.650000 282.000000 724.920000 392.380000 165 145 134
603.360000 281.890000 486.030000 386.340000 239 222 212
378.750000 281.410000 214.740000 378.480000 186 189 201
709.940000 276.550000 602.760000 387.690000 127 146 160
601.270000 273.260000 483.120000 378.340000 247 234 223
840.490000 268.980000 739.990000 376.410000 202 182 177
700.600000 266.920000 592.560000 375.660000 193 202 221
578.680000 266.980000 458.930000 370.760000 209 191 193
449.340000 267.260000 302.440000 366.320000 211 244 255
999.220000 266.040000 864.610000 380.030000 117 115 104
697.780000 262.890000 590.330000 370.890000 176 177 184
711.330000 261.120000 603.850000 370.710000 184 214 236
804.960000 257.560000 703.960000 368.950000 205 186 175
842.660000 257.150000 741.890000 369.710000 96 76 67
996.150000 251.060000 860.450000 366.260000 169 170 160
395.780000 247.960000 202.400000 351.720000 178 199 235
671.130000 246.540000 561.890000 354.100000 249 247 237
290.510000 244.440000 104.410000 334.220000 192 198 205
392.200000 237.380000 233.020000 332.450000 115 146 172
756.680000 235.470000 649.600000 347.710000 103 109 116
915.320000 234.480000 799.160000 350.700000 90 74 71
682.650000 233.660000 573.340000 342.630000 142 135 134
564.620000 232.860000 441.450000 338.310000 204 197 193
835.620000 230.870000 733.410000 344.930000 209 189 176
835.620000 230.870000 733.410000 344.930000 209 189 176
543.490000 228.460000 417.010000 331.950000 205 193 185
995.460000 222.540000 856.980000 341.820000 142 138 140
372.080000 219.900000 209.870000 312.730000 91 126 150
311.120000 218.890000 136.320000 308.220000 154 153 168
342.330000 217.230000 175.490000 309.950000 209 224 240
743.170000 216.080000 635.820000 327.940000 208 231 249
755.110000 201.700000 659.240000 309.950000 142 136 149
307.850000 201.560000 129.970000 289.520000 203 236 249
784.320000 190.710000 678.750000 306.300000 109 102 110
786.440000 186.120000 680.750000 302.200000 239 233 227
794.520000 183.920000 688.700000 300.760000 140 129 115
797.210000 179.150000 691.600000 296.340000 133 118 104
637.300000 178.500000 523.820000 288.100000 255 246 239
394.250000 173.400000 240.990000 268.270000 69 108 133
382.940000 165.340000 227.970000 258.970000 213 254 255
670.700000 164.320000 558.520000 276.360000 217 207 209
497.700000 162.630000 361.930000 266.450000 223 247 255
383.340000 162.440000 229.010000 256.440000 62 132 143
339.020000 160.090000 174.050000 250.650000 195 254 255
432.420000 159.150000 287.990000 256.070000 43 112 141
663.710000 158.340000 551.690000 270.490000 106 95 97
379.860000 155.640000 261.070000 217.310000 152 217 235
726.360000 153.240000 617.460000 268.970000 243 227 224
361.940000 147.800000 203.860000 240.490000 212 246 254
642.320000 145.020000 528.550000 257.010000 243 228 221
285.160000 140.470000 107.140000 224.000000 116 124 138
281.120000 136.490000 102.320000 219.430000 89 140 151
623.580000 136.080000 507.580000 247.730000 200 185 178
748.740000 134.500000 639.620000 253.680000 43 30 25
534.600000 133.190000 408.690000 239.340000 247 239 233
343.310000 128.290000 181.970000 217.070000 247 249 254
326.470000 122.320000 161.570000 209.870000 204 254 255
341.940000 116.360000 181.650000 206.250000 246 255 255
686.920000 114.230000 574.400000 231.740000 204 199 202
645.510000 107.580000 531.170000 222.980000 237 225 213
731.560000 107.160000 620.750000 228.410000 200 183 174
274.200000 104.850000 96.310000 186.520000 215 249 255
337.180000 103.350000 175.100000 190.480000 246 250 255
646.910000 95.710000 532.420000 213.140000 228 216 206
646.910000 95.710000 532.420000 213.140000 228 216 206
788.070000 93.780000 679.390000 219.440000 135 123 96
384.780000 92.920000 237.270000 187.670000 166 185 199
384.780000 92.920000 237.270000 187.670000 166 185 199
352.890000 93.090000 197.070000 183.760000 183 197 205
352.890000 93.090000 197.070000 183.760000 183 197 205
727.330000 89.680000 615.880000 212.470000 176 164 159
838.620000 86.190000 725.500000 216.810000 78 66 61
798.130000 79.430000 686.690000 208.520000 181 164 156
591.940000 74.380000 473.030000 189.390000 211 199 197
584.390000 68.650000 464.210000 183.290000 194 187 188
384.160000 66.710000 238.500000 162.290000 138 189 206
539.070000 53.050000 414.950000 165.570000 232 223 228
561.900000 47.630000 439.820000 162.380000 186 206 220
629.510000 44.470000 513.030000 165.890000 234 222 212
914.910000 44.090000 780.500000 188.870000 132 110 108
577.080000 27.160000 456.180000 146.270000 233 249 253
