1111.290000 669.770000 1159.970000 632.230000 45 39 38
667.460000 578.080000 679.710000 555.390000 206 183 161
1003.990000 116.990000 1033.130000 48.880000 82 83 99
560.580000 567.890000 561.600000 551.660000 159 141 109
1079.140000 527.730000 1126.490000 485.410000 41 34 35
328.660000 304.410000 295.820000 282.020000 84 104 132
952.350000 565.590000 1016.220000 527.550000 174 145 128
388.920000 512.390000 367.770000 500.770000 60 52 51
516.670000 406.660000 503.430000 387.560000 75 73 70
516.670000 406.660000 503.430000 387.560000 75 73 70
691.160000 328.540000 702.850000 286.490000 189 174 155
964.540000 640.310000 1035.390000 605.960000 194 174 156
983.610000 579.150000 1054.150000 541.290000 72 54 51
966.780000 464.550000 1028.480000 416.720000 106 97 84
267.780000 429.540000 235.650000 420.360000 62 56 73
245.610000 403.240000 211.430000 392.340000 254 253 254
1170.390000 345.720000 1188.060000 299.920000 48 40 43
744.970000 323.740000 762.270000 280.230000 54 47 42
1113.400000 317.720000 1142.550000 267.630000 115 109 103
736.820000 297.650000 752.850000 251.960000 182 164 149
831.120000 276.410000 863.200000 222.830000 44 43 35
684.760000 274.350000 691.020000 228.180000 203 183 168
560.100000 126.100000 544.000000 80.880000 187 173 162
599.020000 110.860000 585.740000 59.660000 59 57 58
920.790000 665.140000 999.700000 635.610000 147 129 110
772.130000 596.090000 803.540000 569.160000 192 168 149
839.930000 551.930000 882.800000 519.650000 172 143 121
818.720000 536.760000 853.240000 504.940000 59 56 49
703.900000 530.470000 723.860000 502.860000 182 161 146
363.360000 481.840000 339.080000 470.830000 185 174 174
304.540000 438.870000 273.500000 430.170000 254 251 247
955.410000 417.250000 1012.300000 366.500000 88 71 59
1095.360000 393.760000 1129.150000 346.590000 48 39 28
1095.360000 393.760000 1129.150000 346.590000 48 39 28
159.390000 376.120000 115.000000 364.860000 46 45 60
813.450000 315.550000 840.820000 267.200000 254 253 255
909.670000 236.550000 957.040000 170.710000 176 168 135
954.790000 217.430000 997.530000 152.750000 72 57 50
812.370000 127.180000 837.220000 58.910000 168 201 220
363.660000 849.090000 409.490000 895.420000 34 28 39
154.210000 800.500000 136.780000 839.310000 192 183 195
551.730000 740.490000 594.330000 739.440000 161 150 134
1138.560000 578.300000 1178.600000 536.480000 141 121 114
468.600000 576.770000 456.020000 563.760000 44 44 36
151.250000 562.930000 117.540000 560.820000 78 74 82
151.250000 562.930000 117.540000 560.820000 78 74 82
525.290000 561.180000 519.160000 543.840000 44 39 36
525.290000 561.180000 519.160000 543.840000 44 39 36
786.310000 539.280000 817.380000 507.450000 44 32 24
991.240000 480.400000 1050.170000 435.130000 107 86 74
344.340000 447.950000 316.510000 436.400000 230 252 254
433.670000 442.410000 413.240000 426.430000 62 58 58
433.670000 442.410000 413.240000 426.430000 62 58 58
954.390000 416.490000 1012.300000 366.500000 101 85 73
1069.800000 411.480000 1105.340000 365.580000 25 24 28
583.230000 411.990000 580.270000 384.430000 62 55 46
583.230000 411.990000 580.270000 384.430000 62 55 46
377.620000 398.720000 350.560000 382.450000 82 87 94
621.030000 388.650000 620.840000 359.500000 55 49 39
1051.990000 332.200000 1086.430000 282.130000 27 26 43
981.710000 318.150000 1028.410000 261.980000 56 39 31
987.150000 254.780000 1030.480000 194.810000 144 135 131
1016.600000 233.430000 1053.320000 173.320000 122 111 103
764.490000 203.960000 781.130000 150.050000 121 115 91
920.910000 198.090000 967.340000 129.560000 59 46 41
940.300000 187.290000 983.970000 120.240000 118 102 104
713.400000 137.910000 720.760000 81.230000 253 244 230
929.390000 125.250000 969.650000 51.450000 122 107 98
1089.900000 116.450000 1107.630000 55.670000 60 50 44
1006.200000 106.360000 1034.870000 40.790000 69 67 91
1006.200000 106.360000 1034.870000 40.790000 69 67 91
1175.350000 96.440000 1169.770000 47.650000 49 54 68
644.610000 867.080000 775.940000 901.290000 159 142 136
608.750000 861.560000 723.810000 895.680000 164 148 138
317.010000 828.830000 344.410000 867.130000 161 152 147
142.020000 788.220000 119.800000 823.820000 52 46 66
894.420000 740.400000 986.830000 720.730000 26 14 17
962.040000 719.830000 1049.540000 693.900000 178 163 142
1088.210000 627.970000 1141.620000 589.470000 233 225 211
1204.030000 617.830000 1233.320000 576.120000 48 35 38
776.230000 593.600000 809.230000 565.970000 245 223 209
360.120000 581.550000 342.440000 572.580000 97 92 85
360.120000 581.550000 342.440000 572.580000 97 92 85
1034.440000 580.260000 1093.250000 542.070000 141 126 117
467.140000 578.660000 456.020000 563.760000 47 49 36
331.470000 575.820000 310.650000 569.010000 121 125 103
1053.860000 574.190000 1108.860000 533.670000 151 138 133
150.260000 567.940000 117.540000 560.820000 77 75 82
1109.610000 566.510000 1154.020000 526.670000 173 153 144
802.380000 544.380000 834.580000 514.610000 100 102 85
1028.220000 542.400000 1085.300000 500.450000 138 126 114
991.330000 529.320000 1053.730000 488.650000 78 67 56
1197.950000 525.570000 1221.620000 482.940000 121 112 103
542.320000 523.630000 539.380000 501.830000 181 171 155
708.600000 511.840000 727.410000 482.480000 216 192 176
1098.870000 492.410000 1141.490000 448.290000 128 116 105
1051.820000 466.180000 1100.710000 420.380000 43 37 27
322.460000 452.120000 293.670000 442.320000 50 47 63
852.950000 436.380000 897.580000 393.980000 111 96 74
150.560000 437.590000 109.050000 427.890000 33 30 47
1038.950000 428.330000 1084.600000 379.820000 49 37 25
973.900000 428.450000 1029.720000 381.190000 147 127 117
807.890000 422.950000 837.910000 382.780000 72 73 59
1085.970000 420.510000 1122.740000 375.390000 199 189 175
1157.180000 415.330000 1181.930000 369.980000 53 47 40
734.500000 401.140000 752.520000 365.220000 183 170 150
183.100000 400.540000 142.780000 390.600000 22 23 48
1076.450000 378.750000 1111.820000 330.250000 169 160 147
259.560000 372.410000 225.420000 358.270000 228 251 255
1120.760000 363.920000 1145.060000 317.580000 42 43 35
728.860000 355.020000 745.830000 314.980000 233 223 207
728.860000 355.020000 745.830000 314.980000 233 223 207
452.450000 342.860000 431.240000 320.770000 69 70 69
1068.630000 337.990000 1103.010000 289.750000 155 152 144
1068.630000 337.990000 1103.010000 289.750000 155 152 144
419.960000 312.200000 392.250000 290.630000 91 175 216
1089.870000 289.480000 1120.830000 239.810000 59 52 46
974.360000 290.310000 1020.710000 233.090000 69 54 45
857.830000 285.780000 894.960000 230.690000 248 243 227
381.800000 285.520000 349.620000 262.080000 110 200 236
1065.070000 246.920000 1095.890000 190.640000 45 38 27
1065.070000 246.920000 1095.890000 190.640000 45 38 27
1031.660000 196.390000 1063.430000 135.050000 63 54 51
602.020000 170.450000 591.260000 125.910000 155 176 191
780.950000 165.980000 799.950000 107.190000 112 112 111
1235.960000 162.280000 1223.470000 120.490000 100 188 216
932.860000 153.310000 973.920000 79.260000 127 112 107
1032.990000 150.980000 1061.210000 90.180000 205 207 194
1089.170000 147.250000 1109.120000 91.080000 190 185 183
600.490000 131.620000 588.880000 84.180000 241 245 255
738.050000 124.140000 748.170000 64.430000 246 254 255
944.270000 121.490000 982.410000 47.690000 49 35 36
726.610000 117.440000 734.990000 56.900000 84 85 76
578.940000 89.200000 561.220000 39.400000 188 190 199
68.810000 793.460000 28.850000 833.770000 37 33 54
66.690000 784.380000 25.780000 823.800000 245 243 252
969.780000 730.820000 1063.670000 706.430000 37 22 3
897.930000 693.710000 983.450000 669.300000 159 150 137
930.950000 642.880000 1007.670000 610.780000 55 45 42
397.080000 617.420000 388.210000 608.040000 42 39 35
430.160000 598.550000 420.870000 586.840000 250 251 241
430.160000 598.550000 420.870000 586.840000 250 251 241
1172.510000 559.780000 1203.520000 517.400000 59 50 41
1200.180000 553.200000 1225.630000 510.990000 122 113 104
600.160000 554.230000 604.330000 533.730000 43 35 19
600.160000 554.230000 604.330000 533.730000 43 35 19
773.510000 547.170000 804.670000 519.500000 206 187 159
1198.540000 540.960000 1223.110000 498.380000 120 110 105
487.770000 537.810000 471.710000 521.890000 27 22 26
1039.110000 532.510000 1094.460000 490.500000 77 65 52
154.620000 512.440000 118.270000 507.700000 86 81 92
154.620000 512.440000 118.270000 507.700000 86 81 92
1063.800000 474.810000 1111.710000 430.210000 124 115 102
1205.600000 445.340000 1220.110000 401.700000 166 160 154
1193.960000 439.890000 1210.030000 398.290000 28 27 18
1052.230000 438.650000 1097.970000 393.680000 132 121 104
470.970000 437.280000 449.990000 422.870000 57 54 57
1027.770000 435.350000 1076.100000 388.640000 122 108 95
1002.700000 433.930000 1055.260000 387.740000 150 128 114
817.340000 433.130000 847.890000 393.840000 253 247 241
257.080000 419.820000 221.680000 409.890000 65 63 73
167.440000 401.260000 125.460000 392.730000 110 110 128
975.870000 389.300000 1028.240000 338.330000 129 111 106
180.450000 387.570000 140.930000 374.210000 96 169 213
478.550000 381.500000 457.220000 361.330000 83 220 254
372.570000 344.240000 345.040000 325.500000 123 230 251
372.570000 344.240000 345.040000 325.500000 123 230 251
1112.590000 333.000000 1137.090000 284.420000 32 29 32
826.930000 325.880000 790.970000 308.400000 105 115 124
340.380000 324.110000 310.190000 303.440000 60 72 90
1072.450000 309.210000 1105.870000 258.050000 30 25 29
1094.880000 305.000000 1124.440000 255.450000 156 151 135
584.420000 273.580000 575.130000 238.600000 190 217 235
584.420000 273.580000 575.130000 238.600000 190 217 235
457.580000 274.970000 431.650000 252.260000 98 222 255
854.350000 265.300000 891.110000 207.620000 250 242 223
607.440000 250.650000 601.740000 210.160000 166 208 242
1162.020000 248.010000 1174.050000 201.520000 160 157 152
600.620000 243.390000 593.830000 203.470000 59 59 59
955.950000 238.590000 1000.230000 174.540000 118 103 98
633.220000 226.170000 629.900000 183.250000 194 218 235
1045.110000 221.000000 1077.100000 162.610000 127 112 107
629.340000 215.010000 625.750000 169.910000 97 99 95
1154.450000 213.070000 1166.480000 165.670000 181 175 171
908.260000 202.480000 954.060000 133.970000 206 186 173
903.930000 168.850000 948.900000 96.690000 213 203 200
1092.080000 168.180000 1112.970000 111.060000 169 163 153
962.400000 161.960000 1001.680000 94.040000 119 108 100
970.860000 153.450000 1008.510000 85.090000 69 58 50
1203.600000 135.390000 1193.760000 92.100000 227 240 253
833.110000 121.730000 861.240000 51.650000 245 237 236
774.410000 102.340000 790.730000 35.030000 104 105 107
1020.150000 88.520000 1046.550000 22.330000 207 200 204
1031.400000 86.360000 1057.900000 22.990000 56 46 62
517.850000 864.070000 612.340000 905.380000 72 60 68
333.740000 834.730000 368.520000 873.930000 174 165 170
148.090000 810.950000 130.790000 854.040000 47 39 60
68.320000 792.760000 28.850000 833.770000 38 34 55
66.210000 784.750000 25.780000 823.800000 245 243 252
504.220000 755.450000 543.510000 759.370000 111 97 84
549.750000 746.370000 591.300000 746.350000 142 131 115
586.230000 745.460000 633.510000 742.230000 252 242 229
957.800000 705.740000 1045.690000 679.420000 15 8 1
1018.550000 701.710000 1099.030000 670.280000 255 194 144
885.720000 699.090000 972.900000 675.130000 19 13 7
885.720000 699.090000 972.900000 675.130000 19 13 7
124.920000 688.620000 95.150000 703.850000 125 123 124
901.150000 658.260000 979.070000 629.460000 40 35 20
85.020000 651.950000 45.440000 660.380000 150 149 143
221.440000 633.770000 199.450000 632.920000 54 48 70
692.580000 633.090000 725.530000 612.450000 45 33 14
382.340000 592.750000 368.190000 583.170000 139 134 122
1225.870000 591.070000 1246.960000 548.660000 219 210 199
1225.870000 591.070000 1246.960000 548.660000 219 210 199
437.050000 587.130000 431.860000 574.900000 130 150 71
484.450000 580.060000 473.050000 566.550000 25 24 16
366.410000 556.820000 346.270000 546.850000 195 185 167
405.260000 548.210000 386.300000 536.930000 76 69 70
1245.540000 539.660000 1258.120000 494.870000 121 118 110
1229.290000 532.750000 1246.180000 489.440000 155 146 134
814.760000 532.300000 849.680000 500.320000 21 16 7
420.230000 510.970000 407.230000 496.040000 194 194 182
368.180000 509.640000 345.650000 498.810000 186 169 162
956.270000 505.260000 1019.880000 462.360000 116 94 82
588.270000 487.510000 588.560000 462.010000 84 81 73
1117.830000 481.180000 1156.690000 438.040000 85 79 73
627.290000 475.380000 632.460000 448.440000 98 100 98
165.170000 445.560000 126.140000 435.980000 115 110 124
1125.020000 442.330000 1157.760000 398.400000 69 59 45
1051.800000 438.270000 1097.970000 393.680000 133 122 105
760.630000 431.870000 782.820000 396.740000 188 209 204
369.630000 430.760000 343.800000 416.660000 172 160 152
585.750000 427.260000 582.960000 400.370000 48 47 45
1176.530000 410.930000 1194.640000 365.980000 160 159 150
87.790000 397.170000 35.220000 387.200000 31 29 39
153.310000 391.900000 109.250000 380.310000 36 31 46
230.110000 386.580000 192.590000 373.970000 236 252 255
1191.710000 380.450000 1205.690000 335.960000 153 146 139
1191.710000 380.450000 1205.690000 335.960000 153 146 139
482.980000 377.400000 457.220000 361.330000 101 229 250
1163.910000 375.150000 1183.260000 330.480000 36 35 26
437.380000 375.310000 412.500000 355.260000 91 170 197
192.360000 367.470000 148.800000 352.970000 243 244 255
1177.800000 361.260000 1192.820000 316.470000 31 31 29
1188.930000 359.430000 1202.230000 315.240000 170 166 166
446.450000 356.500000 424.100000 334.980000 93 84 100
930.950000 347.650000 982.490000 291.320000 215 204 186
350.030000 342.630000 321.220000 322.390000 213 252 255
1151.070000 338.920000 1172.560000 292.410000 182 171 173
722.210000 335.510000 737.250000 292.040000 168 158 145
311.890000 315.880000 278.170000 295.750000 148 251 255
1062.120000 304.260000 1095.890000 252.660000 151 148 143
1159.010000 301.790000 1175.950000 253.960000 33 15 12
1243.470000 296.250000 1235.380000 256.840000 87 86 101
697.800000 293.890000 708.880000 249.840000 55 44 31
697.800000 293.890000 708.880000 249.840000 55 44 31
717.680000 289.930000 728.880000 245.320000 169 158 148
861.970000 272.480000 900.090000 215.430000 43 36 12
861.970000 272.480000 900.090000 215.430000 43 36 12
293.560000 263.830000 257.470000 238.990000 114 214 249
497.950000 261.090000 475.900000 233.050000 124 211 251
600.900000 256.840000 592.870000 219.900000 168 208 232
237.300000 254.550000 194.530000 231.040000 97 205 236
608.520000 248.130000 601.740000 210.160000 183 207 240
1216.430000 244.910000 1210.160000 203.000000 80 78 88
257.580000 242.320000 215.980000 216.210000 167 254 255
623.560000 235.150000 618.620000 193.880000 185 213 239
1148.530000 227.410000 1161.510000 178.510000 76 73 66
1226.200000 224.970000 1217.950000 183.140000 99 96 109
1141.340000 194.810000 1154.630000 144.680000 44 42 39
1141.340000 194.810000 1154.630000 144.680000 44 42 39
408.610000 191.910000 378.100000 160.600000 83 220 253
1056.460000 190.570000 1085.290000 132.890000 106 98 97
772.570000 181.930000 791.900000 123.440000 237 248 253
1005.620000 174.870000 1041.950000 113.540000 114 103 93
924.710000 173.100000 969.200000 103.680000 100 84 82
904.550000 168.090000 948.900000 96.690000 158 148 145
628.640000 155.600000 620.220000 108.520000 151 146 137
832.410000 134.640000 861.190000 64.510000 250 249 245
603.490000 125.050000 591.320000 76.280000 246 249 255
1090.500000 100.280000 1108.460000 42.060000 156 149 142
928.560000 97.970000 967.360000 20.400000 140 126 129
1125.850000 63.640000 1135.180000 8.190000 126 121 127
553.800000 62.790000 532.570000 11.220000 175 165 158
162.940000 786.120000 146.300000 818.530000 195 187 188
133.060000 714.510000 106.720000 729.450000 252 250 251
130.710000 708.530000 101.740000 723.300000 116 114 115
666.390000 684.070000 701.320000 667.730000 31 14 5
666.390000 684.070000 701.320000 667.730000 31 14 5
740.300000 677.850000 780.290000 656.910000 67 51 37
620.720000 677.060000 649.760000 662.050000 191 170 153
756.990000 674.550000 795.810000 652.860000 253 244 224
712.860000 672.590000 746.930000 653.010000 181 167 154
712.860000 672.590000 746.930000 653.010000 181 167 154
136.740000 669.940000 107.950000 677.840000 172 170 172
941.800000 653.860000 1020.070000 623.770000 158 150 133
1169.110000 617.670000 1205.570000 576.900000 130 119 115
1194.090000 604.590000 1223.700000 563.700000 150 135 133
1182.150000 596.900000 1212.640000 557.280000 103 92 80
402.440000 583.380000 385.860000 572.730000 83 84 51
777.180000 578.110000 809.900000 549.560000 194 170 165
835.970000 559.520000 878.180000 526.900000 202 184 166
709.480000 554.660000 730.660000 528.150000 181 158 143
821.720000 536.880000 858.140000 503.670000 96 94 83
826.070000 530.050000 865.680000 496.110000 16 6 0
1139.560000 524.610000 1175.790000 481.030000 129 119 115
248.920000 513.970000 219.920000 508.250000 82 80 90
1146.950000 491.600000 1180.040000 447.370000 123 116 110
605.590000 490.320000 608.710000 465.600000 250 245 229
617.340000 486.890000 621.910000 461.400000 255 254 239
600.010000 485.120000 601.140000 461.140000 55 55 55
629.950000 483.640000 636.670000 457.280000 249 243 239
1044.010000 483.170000 1095.050000 438.860000 115 102 96
341.180000 470.130000 314.320000 460.840000 102 101 128
323.710000 469.860000 296.460000 460.660000 109 105 114
947.110000 462.430000 1007.390000 416.850000 198 187 175
147.480000 445.650000 106.030000 437.550000 19 16 33
282.800000 435.420000 250.870000 425.730000 115 119 156
783.630000 427.110000 809.520000 388.910000 151 171 171
399.170000 423.460000 375.990000 405.490000 81 82 75
609.620000 415.380000 609.620000 386.630000 41 39 36
609.620000 415.380000 609.620000 386.630000 41 39 36
222.640000 402.340000 186.340000 392.280000 83 197 189
1242.430000 401.020000 1238.860000 359.810000 111 103 108
491.280000 368.620000 468.510000 348.890000 94 216 247
1194.970000 365.680000 1208.630000 320.340000 55 44 44
299.310000 361.410000 266.050000 342.660000 138 246 255
934.050000 357.890000 988.270000 304.640000 148 137 121
726.740000 342.740000 742.350000 301.090000 34 28 18
450.430000 340.750000 427.450000 318.270000 76 77 71
970.160000 335.820000 1020.430000 281.160000 128 108 97
266.320000 323.880000 228.520000 304.010000 133 241 255
1103.500000 309.960000 1133.640000 260.740000 29 21 22
1012.800000 310.070000 1052.640000 258.780000 132 134 162
967.690000 309.140000 1016.040000 252.440000 131 114 104
611.820000 308.740000 583.070000 294.360000 201 213 217
1171.420000 308.220000 1184.710000 259.590000 33 21 16
1118.050000 305.210000 1142.670000 255.180000 52 37 28
270.720000 302.350000 234.360000 281.670000 144 253 255
1140.720000 297.600000 1161.890000 250.560000 118 106 102
618.730000 297.670000 615.500000 260.810000 89 95 93
1160.860000 292.740000 1176.810000 245.140000 156 142 132
717.090000 289.990000 728.880000 245.320000 169 158 148
1027.470000 289.500000 1065.360000 234.810000 147 143 141
1027.470000 289.500000 1065.360000 234.810000 147 143 141
1124.660000 288.140000 1148.170000 239.310000 139 123 119
710.190000 286.530000 721.450000 241.960000 22 16 11
710.190000 286.530000 721.450000 241.960000 22 16 11
610.140000 285.810000 605.060000 249.180000 236 254 255
492.480000 284.910000 470.780000 258.770000 99 176 227
704.990000 282.040000 715.770000 236.790000 211 207 201
258.550000 277.220000 218.860000 253.490000 37 98 149
714.710000 274.120000 726.070000 228.950000 226 216 200
624.510000 273.060000 621.200000 234.160000 234 254 255
987.770000 270.050000 1031.490000 210.880000 24 15 5
990.550000 262.710000 1034.760000 203.590000 174 168 162
231.900000 261.190000 187.870000 237.450000 145 240 255
846.930000 256.370000 883.150000 197.780000 42 29 9
973.740000 247.270000 1017.110000 186.160000 109 97 92
1216.700000 245.630000 1210.160000 203.000000 87 85 95
609.230000 245.570000 602.750000 207.340000 207 216 239
982.230000 243.010000 1024.850000 183.110000 50 38 36
1223.030000 241.710000 1215.230000 199.790000 23 21 31
1140.670000 234.980000 1155.920000 185.500000 189 190 181
1140.670000 234.980000 1155.920000 185.500000 189 190 181
1221.180000 234.350000 1212.350000 190.010000 23 21 31
247.570000 224.950000 204.780000 196.840000 67 150 185
1055.440000 223.380000 1086.670000 167.300000 49 37 29
1055.440000 223.380000 1086.670000 167.300000 49 37 29
1012.070000 223.060000 1048.770000 162.560000 135 123 118
636.970000 218.570000 633.870000 174.260000 231 233 233
349.430000 219.010000 315.600000 190.650000 123 245 255
1246.050000 209.240000 1236.930000 167.290000 23 23 33
1246.050000 209.240000 1236.930000 167.290000 23 23 33
1220.620000 206.330000 1212.190000 163.800000 83 83 93
1034.040000 199.310000 1067.150000 141.650000 50 40 37
458.150000 198.510000 431.780000 166.410000 82 223 255
967.230000 197.950000 1007.760000 133.100000 121 112 106
531.900000 195.580000 512.960000 158.560000 11 56 84
708.860000 193.130000 716.450000 139.160000 201 192 183
777.790000 188.160000 797.500000 130.020000 182 172 155
1111.920000 187.580000 1131.450000 134.560000 44 38 39
1129.940000 181.660000 1144.560000 130.060000 172 170 170
1122.690000 179.850000 1139.010000 127.820000 31 29 26
913.350000 175.500000 960.120000 105.770000 65 52 47
606.700000 173.050000 596.610000 128.180000 228 235 237
1202.350000 169.820000 1194.980000 127.470000 44 43 37
815.640000 159.220000 841.490000 94.580000 187 182 164
1111.460000 153.540000 1128.890000 99.140000 156 147 154
1111.460000 153.540000 1128.890000 99.140000 156 147 154
582.910000 153.300000 568.790000 109.270000 229 238 255
589.840000 151.640000 576.360000 106.980000 86 94 108
1088.320000 139.670000 1108.340000 82.830000 180 178 172
595.170000 136.020000 582.280000 89.370000 237 244 255
957.100000 135.020000 995.560000 65.590000 133 122 111
713.070000 129.490000 719.740000 70.530000 254 246 238
1114.630000 107.310000 1128.060000 50.260000 155 153 145
1038.920000 95.050000 1064.200000 30.520000 114 106 113
593.790000 71.340000 577.920000 18.350000 254 252 241
663.170000 852.370000 789.410000 879.980000 172 153 139
663.170000 852.370000 789.410000 879.980000 172 153 139
914.220000 732.980000 1004.860000 711.270000 175 163 153
828.980000 727.110000 904.420000 707.850000 25 14 3
85.770000 723.900000 50.340000 744.100000 136 134 133
201.040000 721.610000 185.900000 734.960000 120 118 117
765.280000 709.350000 820.460000 691.340000 192 168 149
948.010000 701.520000 1035.130000 676.090000 168 161 154
675.830000 701.360000 716.260000 686.240000 192 173 153
172.930000 672.760000 149.070000 679.450000 222 219 222
813.110000 662.710000 880.540000 638.380000 46 37 27
163.760000 661.780000 135.650000 666.760000 174 171 174
163.760000 661.780000 135.650000 666.760000 174 171 174
870.320000 659.920000 955.310000 631.170000 180 163 156
753.190000 660.060000 786.990000 637.610000 108 88 64
152.980000 659.940000 125.560000 665.630000 180 177 180
204.190000 641.130000 182.480000 641.240000 253 251 250
1160.320000 628.060000 1197.850000 588.720000 114 101 97
1109.950000 624.480000 1157.200000 585.190000 179 167 163
1157.990000 619.570000 1195.230000 579.190000 117 104 100
579.770000 615.000000 592.510000 598.310000 139 119 110
1098.890000 599.300000 1144.510000 560.190000 111 105 85
513.550000 588.010000 513.910000 572.460000 19 28 5
365.740000 585.870000 348.230000 577.850000 72 60 52
76.760000 573.170000 34.890000 575.900000 72 68 70
371.920000 569.920000 353.280000 559.580000 40 33 21
371.920000 569.920000 353.280000 559.580000 40 33 21
365.880000 566.850000 346.730000 557.190000 181 171 155
216.500000 563.090000 187.550000 560.360000 136 135 139
342.020000 561.690000 319.590000 553.770000 113 114 130
348.790000 558.110000 326.980000 549.990000 25 24 28
613.270000 549.730000 619.840000 528.030000 44 34 14
613.270000 549.730000 619.840000 528.030000 44 34 14
1195.380000 544.410000 1221.480000 502.840000 134 124 119
254.720000 539.920000 227.160000 534.290000 150 149 153
1173.440000 538.970000 1202.860000 497.150000 65 55 49
237.310000 529.310000 209.230000 523.050000 101 99 105
1174.470000 527.760000 1203.410000 484.070000 48 38 32
350.360000 515.070000 326.770000 505.060000 46 40 52
274.040000 514.120000 246.040000 507.090000 89 85 93
274.040000 514.120000 246.040000 507.090000 89 85 93
723.660000 510.090000 745.600000 481.100000 72 53 40
85.620000 497.090000 40.420000 491.780000 86 78 81
1178.300000 487.130000 1204.220000 442.920000 40 34 28
284.660000 481.580000 255.370000 473.460000 92 91 100
409.710000 475.180000 389.000000 461.450000 103 97 91
858.840000 467.420000 902.910000 426.460000 219 210 189
743.170000 455.170000 765.190000 420.790000 255 249 228
633.590000 455.110000 639.180000 428.140000 255 250 244
1191.870000 448.620000 1209.940000 405.730000 179 174 164
950.460000 448.580000 1010.000000 401.280000 242 236 226
199.220000 447.310000 161.950000 440.020000 80 71 83
1130.330000 436.850000 1161.490000 393.640000 198 192 184
1093.960000 433.770000 1131.240000 388.620000 68 53 42
350.230000 434.390000 324.120000 420.940000 33 62 79
277.240000 430.480000 245.250000 420.580000 45 40 71
244.180000 428.930000 210.810000 419.830000 53 48 64
345.030000 428.220000 319.310000 415.100000 49 85 111
345.030000 428.220000 319.310000 415.100000 49 85 111
1027.880000 426.820000 1075.260000 380.110000 115 103 98
200.880000 425.750000 162.940000 414.880000 19 21 35
725.440000 423.220000 743.890000 388.150000 193 177 161
737.580000 420.960000 757.870000 385.030000 252 243 222
341.580000 418.900000 313.020000 403.820000 208 253 255
261.650000 412.650000 227.530000 402.930000 248 246 253
201.770000 410.780000 163.170000 403.220000 163 195 250
875.210000 405.820000 919.350000 359.390000 255 245 224
330.430000 395.650000 302.160000 379.050000 135 191 217
1148.990000 393.200000 1173.210000 347.930000 110 103 99
634.760000 390.660000 637.990000 358.400000 52 44 29
634.760000 390.660000 637.990000 358.400000 52 44 29
177.320000 363.940000 133.780000 352.940000 197 255 255
135.770000 363.340000 87.870000 348.710000 34 29 53
135.770000 363.340000 87.870000 348.710000 34 29 53
1088.070000 347.050000 1121.280000 298.280000 136 127 118
785.230000 342.620000 810.690000 296.960000 111 115 119
519.550000 341.070000 497.640000 319.300000 175 208 235
1133.360000 338.030000 1157.280000 291.260000 44 34 29
1120.020000 334.980000 1143.040000 288.160000 150 148 128
360.010000 333.770000 332.460000 315.180000 158 252 255
589.200000 326.710000 583.070000 294.360000 189 202 202
1140.010000 325.130000 1162.260000 277.500000 53 43 38
728.080000 323.080000 743.850000 279.910000 32 27 17
1067.470000 319.470000 1101.340000 267.820000 61 59 58
274.570000 313.060000 239.800000 293.060000 161 246 255
1163.010000 309.230000 1179.320000 261.710000 153 137 136
1051.360000 307.130000 1084.280000 256.240000 13 9 11
600.510000 304.480000 595.310000 269.310000 175 193 212
1135.070000 299.440000 1156.030000 250.550000 58 43 36
770.930000 298.380000 793.330000 250.430000 62 53 31
600.850000 293.500000 594.690000 257.960000 241 255 255
1015.870000 291.730000 1052.840000 237.740000 14 21 31
1015.870000 291.730000 1052.840000 237.740000 14 21 31
1068.600000 291.100000 1101.950000 238.570000 27 24 16
113.500000 288.880000 59.810000 267.670000 113 122 152
396.410000 284.570000 367.210000 261.250000 31 72 102
121.310000 285.060000 65.740000 263.160000 52 60 86
1094.590000 277.550000 1121.550000 225.470000 54 42 38
373.700000 278.310000 340.420000 256.320000 32 112 165
708.420000 275.370000 719.240000 228.870000 60 53 49
872.410000 270.620000 912.180000 212.610000 44 33 1
872.410000 270.620000 912.180000 212.610000 44 33 1
1229.940000 269.890000 1221.740000 228.290000 25 16 29
1025.490000 269.600000 1066.440000 214.310000 32 24 19
416.000000 265.900000 386.720000 241.870000 139 234 255
416.000000 265.900000 386.720000 241.870000 139 234 255
1147.830000 264.340000 1165.090000 217.640000 43 38 33
1153.130000 264.390000 1168.050000 214.950000 144 141 139
599.330000 261.430000 591.210000 224.790000 199 229 253
1156.560000 260.520000 1172.220000 214.170000 45 44 38
769.050000 254.120000 789.860000 202.380000 208 190 182
508.580000 253.360000 485.490000 226.340000 50 84 138
1203.560000 249.540000 1200.550000 208.110000 39 31 41
1137.850000 247.240000 1153.920000 197.950000 41 40 32
988.160000 247.380000 1031.300000 187.200000 177 169 166
1054.210000 245.660000 1086.320000 191.210000 124 112 104
922.710000 238.180000 971.520000 172.960000 84 67 59
244.020000 236.000000 201.870000 208.570000 114 203 216
1116.050000 232.350000 1136.830000 180.320000 136 126 120
1104.980000 228.790000 1128.720000 177.470000 159 153 143
259.330000 222.510000 217.170000 194.350000 62 143 188
720.930000 215.360000 731.590000 163.520000 254 246 231
577.810000 207.230000 564.970000 167.760000 217 226 238
514.620000 207.410000 490.920000 177.360000 127 202 246
917.170000 202.820000 963.960000 135.010000 50 38 34
1109.350000 199.680000 1129.440000 145.200000 120 110 107
585.370000 198.910000 573.830000 157.280000 213 224 234
634.550000 197.390000 630.480000 151.460000 255 244 230
434.290000 197.120000 405.770000 165.810000 107 234 255
1044.040000 196.220000 1073.470000 137.310000 114 105 102
475.650000 196.480000 449.930000 165.070000 113 227 255
468.950000 190.290000 443.080000 157.660000 110 215 254
991.660000 185.360000 1029.370000 122.180000 115 103 104
706.580000 176.850000 713.320000 123.520000 211 199 195
788.120000 172.180000 808.390000 112.210000 220 217 212
446.030000 171.390000 417.270000 137.610000 121 200 247
562.660000 164.090000 546.820000 120.710000 238 230 237
1050.920000 162.390000 1078.710000 102.970000 139 134 124
576.720000 161.430000 561.560000 120.230000 226 238 255
1111.190000 159.800000 1129.110000 107.530000 166 159 162
975.380000 157.350000 1013.100000 90.500000 61 49 39
1123.540000 155.190000 1139.840000 103.450000 43 38 44
1115.940000 149.180000 1132.610000 95.930000 33 26 33
589.440000 140.620000 575.860000 94.720000 38 45 54
962.220000 130.280000 999.490000 59.600000 109 99 94
702.740000 126.450000 706.880000 69.240000 196 186 173
733.120000 123.190000 740.670000 63.560000 244 251 255
732.620000 116.460000 739.650000 57.280000 27 30 47
952.610000 113.570000 988.740000 39.520000 108 99 93
1061.190000 113.490000 1084.050000 51.540000 41 34 37
1008.760000 111.970000 1036.940000 48.350000 135 135 150
764.990000 107.670000 780.230000 42.000000 244 249 255
575.410000 101.430000 558.110000 52.640000 251 252 246
873.910000 101.190000 910.270000 23.990000 165 149 133
580.840000 100.910000 564.050000 52.290000 153 149 140
605.550000 94.850000 592.470000 43.710000 115 107 106
611.320000 86.550000 598.680000 33.830000 99 90 97
979.220000 82.150000 1008.500000 12.130000 27 32 39
614.150000 81.810000 603.260000 27.410000 98 90 89
574.290000 63.690000 555.470000 12.540000 235 232 252
417.050000 828.710000 468.860000 861.070000 204 185 172
417.050000 828.710000 468.860000 861.070000 204 185 172
279.620000 828.200000 298.910000 867.830000 188 177 179
235.840000 823.830000 242.530000 864.390000 172 167 171
378.010000 818.590000 416.320000 849.560000 211 199 189
61.920000 790.280000 19.580000 831.700000 65 61 82
91.380000 766.670000 56.410000 798.960000 160 158 156
63.630000 764.820000 23.730000 798.410000 137 135 134
591.290000 746.610000 639.350000 743.430000 255 249 236
591.290000 746.610000 639.350000 743.430000 255 249 236
200.630000 746.320000 188.510000 765.830000 147 154 150
941.030000 742.030000 1039.330000 720.460000 171 152 131
660.260000 731.130000 712.790000 721.340000 142 124 104
982.110000 723.560000 1071.120000 697.380000 185 173 161
60.610000 716.520000 20.060000 736.730000 187 185 182
1017.920000 700.950000 1097.550000 670.300000 236 180 134
708.750000 684.260000 747.520000 666.040000 254 243 229
721.350000 683.570000 762.150000 664.930000 83 72 54
671.280000 681.570000 705.570000 664.970000 14 0 0
804.480000 678.510000 873.340000 659.060000 124 109 87
947.410000 675.520000 1028.430000 647.200000 227 231 157
744.920000 672.240000 783.400000 651.240000 255 247 226
744.920000 672.240000 783.400000 651.240000 255 247 226
173.250000 667.370000 147.990000 673.250000 69 69 71
809.860000 666.850000 877.420000 642.870000 195 181 171
184.690000 661.230000 162.430000 664.350000 222 225 226
184.690000 661.230000 162.430000 664.350000 222 225 226
182.970000 657.770000 159.440000 661.330000 98 100 101
76.460000 656.860000 38.860000 665.970000 91 90 84
897.090000 650.840000 974.830000 621.180000 195 184 171
192.570000 648.280000 170.470000 650.250000 142 139 142
680.760000 639.710000 714.240000 619.540000 207 196 182
206.030000 635.830000 184.850000 636.950000 35 29 49
711.250000 631.970000 743.340000 610.140000 62 46 34
687.250000 631.960000 720.470000 610.870000 43 32 14
1165.050000 626.700000 1201.970000 585.940000 42 29 25
219.920000 622.980000 197.610000 622.260000 105 103 124
59.650000 621.080000 37.630000 624.560000 30 32 30
490.920000 611.470000 489.340000 597.870000 177 165 163
424.980000 603.900000 416.230000 592.940000 240 241 232
1225.980000 601.900000 1247.960000 559.370000 111 104 100
1229.730000 596.130000 1251.510000 552.840000 75 65 59
417.350000 596.070000 407.920000 584.720000 255 253 238
424.610000 595.320000 415.140000 583.510000 253 253 228
358.920000 594.680000 340.810000 585.740000 201 193 197
421.000000 592.890000 411.390000 581.830000 44 44 17
421.000000 592.890000 411.390000 581.830000 44 44 17
340.990000 591.750000 323.110000 583.980000 221 220 234
838.260000 586.910000 881.230000 556.130000 216 201 182
963.200000 584.950000 1029.140000 548.740000 221 200 190
473.760000 584.690000 461.650000 571.280000 46 47 29
959.810000 582.010000 1025.970000 545.030000 120 100 87
76.710000 573.500000 34.890000 575.900000 72 68 70
76.710000 573.500000 34.890000 575.900000 72 68 70
257.110000 554.020000 230.050000 549.450000 75 73 80
458.280000 552.540000 444.050000 539.340000 121 115 108
613.400000 549.670000 620.030000 527.790000 44 34 14
613.400000 549.670000 619.840000 528.030000 44 34 14
457.390000 547.760000 442.860000 535.080000 123 117 110
520.580000 541.340000 505.110000 525.670000 18 14 14
1165.560000 541.120000 1195.070000 499.060000 111 105 95
364.240000 531.270000 342.530000 520.710000 96 80 67
274.220000 531.290000 247.260000 525.630000 86 84 93
354.680000 530.480000 332.040000 521.410000 194 182 190
362.150000 526.650000 339.910000 516.350000 201 186 177
1226.780000 524.260000 1243.190000 481.880000 41 33 34
354.940000 522.200000 331.620000 513.670000 190 177 186
252.890000 517.670000 224.000000 511.670000 15 13 22
372.900000 515.250000 350.300000 505.250000 59 47 37
350.510000 515.000000 326.770000 505.060000 46 40 52
249.330000 503.640000 219.570000 498.400000 83 80 93
249.330000 503.640000 219.570000 498.400000 83 80 93
155.850000 501.370000 119.490000 496.780000 92 86 97
156.150000 495.350000 118.900000 489.720000 98 92 103
119.900000 495.570000 78.820000 491.020000 75 68 72
356.050000 492.520000 331.880000 481.810000 209 203 207
351.780000 491.740000 326.980000 481.800000 55 53 63
340.200000 491.510000 314.150000 482.360000 113 110 125
722.950000 491.130000 743.230000 460.940000 60 40 29
250.470000 489.030000 219.980000 481.280000 84 81 96
365.750000 488.030000 341.950000 476.990000 117 105 103
793.390000 483.720000 827.030000 447.660000 80 69 51
804.020000 481.600000 954.970000 419.170000 51 41 23
356.260000 480.980000 330.990000 470.370000 187 181 190
351.880000 480.210000 326.770000 470.330000 55 55 68
272.550000 480.320000 243.410000 471.860000 44 45 59
839.530000 479.080000 880.360000 439.980000 160 147 125
307.390000 477.680000 279.700000 468.970000 92 87 101
282.110000 476.350000 252.860000 468.840000 48 48 58
522.030000 470.910000 503.630000 457.410000 98 95 97
893.700000 469.080000 960.960000 422.590000 174 164 146
158.560000 467.900000 119.720000 459.420000 100 97 109
907.850000 465.930000 960.960000 422.590000 194 184 166
162.750000 466.050000 124.330000 458.220000 48 44 54
866.610000 465.040000 910.510000 423.790000 229 221 193
633.510000 454.940000 639.180000 428.140000 248 242 236
285.190000 455.030000 255.440000 445.730000 115 111 119
992.510000 452.520000 1048.790000 406.060000 156 155 142
331.600000 451.890000 303.470000 441.150000 228 230 239
744.800000 449.730000 766.960000 415.040000 120 113 97
327.800000 448.710000 298.800000 438.540000 44 44 54
371.640000 441.260000 345.870000 427.230000 190 180 173
363.500000 441.720000 337.990000 428.090000 180 182 171
159.150000 441.890000 118.710000 432.090000 52 48 71
962.510000 439.010000 1021.930000 391.770000 34 17 14
512.690000 438.000000 493.530000 420.710000 112 117 146
1210.650000 433.430000 1224.600000 389.980000 33 26 20
277.360000 430.440000 245.250000 420.580000 45 40 71
239.660000 426.480000 206.210000 416.950000 112 111 124
604.410000 424.620000 604.120000 396.650000 146 144 143
578.390000 424.690000 575.040000 398.110000 235 227 212
346.140000 423.920000 319.330000 409.740000 181 237 255
513.440000 423.200000 492.870000 406.930000 32 34 42
870.830000 422.470000 914.460000 377.940000 255 246 228
1093.140000 421.570000 1129.980000 374.830000 67 52 42
489.070000 421.660000 469.590000 403.370000 95 94 109
497.800000 420.890000 479.640000 402.710000 105 109 124
576.940000 420.110000 573.090000 393.680000 59 51 34
254.920000 417.200000 221.430000 409.070000 51 49 58
130.570000 413.500000 85.060000 407.200000 25 17 40
130.570000 413.500000 85.060000 407.200000 25 17 40
163.450000 413.140000 121.780000 405.500000 119 115 135
1092.430000 411.280000 1128.560000 364.640000 74 59 50
370.520000 408.910000 343.180000 392.030000 181 181 190
576.940000 406.990000 572.500000 379.980000 68 54 40
466.420000 396.030000 443.730000 378.500000 193 204 219
450.010000 384.950000 429.980000 366.280000 140 212 238
238.040000 384.570000 202.310000 371.550000 122 179 190
619.010000 383.020000 621.240000 350.190000 37 26 11
632.630000 382.360000 635.310000 350.370000 88 78 62
179.500000 382.390000 135.560000 372.400000 130 249 255
450.890000 377.520000 429.280000 357.960000 206 227 255
711.110000 376.280000 726.120000 337.710000 221 216 220
631.790000 375.350000 634.370000 343.100000 75 65 42
162.950000 374.300000 119.930000 361.830000 38 42 77
170.400000 369.030000 127.350000 358.110000 186 245 255
1235.530000 367.100000 1231.740000 325.780000 95 87 91
725.260000 366.340000 742.120000 326.190000 142 132 110
136.410000 356.940000 87.870000 348.710000 32 26 46
866.290000 354.420000 907.400000 305.150000 239 229 211
718.970000 351.060000 733.790000 310.870000 192 183 172
1062.040000 346.450000 1096.560000 296.810000 135 133 124
1151.220000 344.780000 1172.210000 297.860000 52 41 45
747.380000 339.210000 765.320000 296.220000 31 35 48
1117.840000 330.770000 1142.580000 283.060000 43 40 31
1089.210000 317.780000 1119.280000 268.620000 67 57 52
614.820000 312.660000 612.580000 277.300000 160 154 140
739.780000 310.570000 775.410000 254.890000 233 220 198
1023.150000 308.900000 1060.830000 255.720000 148 147 149
482.220000 306.790000 460.780000 282.800000 71 92 125
619.990000 298.720000 617.110000 262.050000 58 60 60
1061.750000 297.750000 1094.760000 245.500000 41 38 33
1071.260000 296.810000 1104.500000 243.780000 47 42 42
398.820000 292.920000 369.580000 269.870000 85 111 147
634.800000 291.450000 634.050000 253.060000 206 226 233
1155.180000 289.680000 1171.120000 241.600000 57 45 40
282.040000 284.340000 245.000000 263.000000 170 254 255
1032.530000 283.460000 1070.420000 229.020000 38 34 33
846.350000 280.940000 879.800000 227.660000 45 36 27
1034.690000 279.690000 1073.040000 225.230000 83 76 75
1034.690000 279.690000 1073.040000 225.230000 83 76 75
1175.960000 276.830000 1187.920000 228.660000 75 66 66
374.440000 273.160000 343.010000 250.350000 139 232 255
872.350000 270.740000 912.180000 212.610000 44 33 1
872.350000 270.740000 912.180000 212.610000 44 33 1
315.600000 267.010000 279.840000 243.060000 157 235 255
1206.860000 264.700000 1204.500000 222.830000 45 37 44
867.650000 263.110000 906.080000 204.440000 251 241 215
1151.950000 262.220000 1168.050000 214.950000 137 134 131
319.170000 260.210000 282.850000 235.750000 161 254 255
446.300000 259.520000 420.760000 234.630000 126 227 255
324.730000 258.090000 289.800000 234.520000 90 196 235
712.500000 254.280000 722.740000 206.990000 187 175 162
845.400000 250.230000 879.170000 192.550000 247 233 206
850.990000 248.890000 886.710000 189.700000 238 232 209
1054.350000 245.640000 1086.320000 191.210000 124 112 104
621.540000 240.650000 616.140000 200.690000 210 228 250
1103.560000 234.080000 1126.060000 181.690000 68 57 50
379.260000 232.510000 346.610000 205.640000 68 131 181
381.740000 226.300000 349.060000 198.760000 144 241 255
458.930000 224.880000 433.550000 195.310000 42 113 166
723.540000 223.230000 734.610000 172.870000 255 254 235
723.540000 223.230000 734.610000 172.870000 255 254 235
726.040000 217.270000 737.180000 166.310000 135 131 111
572.760000 211.200000 559.610000 173.040000 60 60 58
255.940000 208.100000 213.200000 177.810000 40 149 183
708.390000 207.140000 716.350000 154.790000 205 193 186
344.570000 206.500000 308.590000 177.120000 139 228 255
344.570000 206.500000 308.590000 177.120000 139 228 255
632.940000 203.620000 629.570000 156.880000 141 133 116
537.190000 198.380000 519.450000 160.530000 180 169 181
388.520000 197.160000 356.160000 166.590000 155 252 255
488.660000 194.630000 464.190000 162.670000 120 221 255
1040.710000 190.670000 1070.870000 132.060000 100 93 92
469.300000 190.370000 443.080000 157.660000 117 224 255
410.920000 187.210000 379.160000 154.970000 102 227 255
1035.230000 182.650000 1066.380000 123.090000 147 143 141
1039.920000 180.510000 1070.450000 121.750000 66 63 60
410.130000 179.830000 378.800000 147.550000 141 218 255
706.510000 176.850000 713.320000 123.520000 211 199 195
1133.660000 170.970000 1149.260000 120.470000 112 108 107
1251.440000 170.150000 1241.640000 127.900000 11 43 58
1129.590000 166.900000 1144.610000 114.860000 110 109 103
1047.070000 165.340000 1075.370000 105.660000 55 50 41
906.450000 163.620000 951.350000 91.240000 196 188 188
971.540000 162.260000 1009.620000 95.230000 125 110 102
1080.990000 156.860000 1101.200000 100.610000 132 130 127
892.850000 153.760000 936.010000 80.810000 223 212 190
1083.510000 146.750000 1103.720000 90.050000 96 95 87
565.680000 143.990000 553.670000 93.390000 77 66 55
589.420000 141.290000 575.860000 94.720000 37 44 53
952.700000 141.240000 992.140000 71.520000 51 40 32
1092.940000 138.350000 1113.420000 82.220000 59 55 55
1020.300000 137.560000 1048.030000 77.660000 56 60 54
693.730000 134.470000 697.350000 79.500000 251 240 238
702.630000 126.400000 706.880000 69.240000 196 186 173
949.450000 118.750000 987.120000 46.400000 43 31 28
841.250000 117.940000 871.240000 46.760000 147 137 125
717.740000 116.940000 724.660000 56.850000 73 66 60
569.450000 115.170000 550.770000 69.630000 203 197 187
1068.780000 113.690000 1091.130000 54.090000 108 102 103
532.490000 110.110000 509.880000 66.490000 7 70 105
716.540000 106.120000 723.630000 43.210000 161 145 133
777.250000 105.140000 792.950000 38.700000 41 47 52
580.560000 100.900000 564.050000 52.290000 153 149 140
1012.740000 95.620000 1038.990000 30.870000 77 74 77
775.830000 92.250000 791.280000 25.590000 55 58 60
582.220000 91.250000 565.520000 41.000000 254 254 252
1077.080000 90.160000 1096.100000 29.210000 114 108 96
797.350000 86.530000 816.520000 17.000000 234 254 255
557.510000 85.480000 538.470000 34.820000 171 160 150
763.840000 74.210000 777.270000 5.970000 239 234 221
561.410000 73.900000 541.500000 24.080000 235 227 228
629.350000 65.320000 619.730000 7.620000 250 242 248
985.990000 905.130000 1243.480000 938.970000 155 143 133
591.030000 852.050000 698.070000 884.460000 182 166 152
697.330000 840.530000 822.660000 860.730000 104 87 71
857.980000 814.900000 1000.750000 814.960000 190 171 152
809.880000 793.500000 928.300000 789.750000 144 123 106
440.360000 788.800000 480.780000 805.460000 193 179 166
171.740000 784.470000 156.720000 815.750000 135 131 129
75.130000 784.120000 36.780000 822.980000 147 146 150
501.640000 761.260000 543.310000 766.730000 144 133 118
194.670000 735.550000 180.380000 751.670000 148 147 146
660.770000 734.820000 712.600000 725.610000 188 170 152
898.400000 734.160000 989.220000 713.590000 43 30 26
833.100000 721.790000 906.510000 702.760000 55 43 28
776.780000 716.680000 836.450000 698.970000 201 176 157
958.110000 712.150000 1043.560000 684.470000 194 182 170
142.650000 711.520000 117.650000 725.840000 142 140 141
795.510000 702.970000 868.580000 684.440000 234 221 203
1021.800000 692.840000 1102.840000 662.150000 170 58 13
818.610000 690.740000 890.180000 668.950000 46 40 33
780.000000 690.780000 833.030000 670.460000 114 96 80
782.630000 688.240000 835.170000 667.040000 174 154 140
712.440000 686.820000 752.490000 669.190000 105 89 75
670.790000 685.980000 705.400000 669.650000 129 113 102
689.580000 684.770000 726.630000 667.190000 101 84 74
747.490000 681.700000 788.640000 661.640000 80 62 44
684.630000 679.430000 719.390000 661.840000 42 25 17
984.480000 672.100000 1058.470000 639.720000 80 59 50
671.550000 666.380000 706.000000 648.250000 26 21 5
674.350000 663.510000 707.570000 644.700000 160 155 140
173.320000 663.740000 148.100000 668.170000 154 153 155
849.710000 658.920000 914.260000 632.580000 144 128 131
642.360000 658.430000 665.730000 641.830000 247 237 221
91.840000 656.770000 53.180000 664.440000 161 160 154
980.630000 656.260000 1051.580000 623.700000 116 93 85
894.160000 653.420000 972.770000 624.640000 36 25 13
116.260000 653.680000 83.470000 659.930000 77 75 74
635.360000 649.160000 657.670000 631.030000 79 68 58
900.480000 648.380000 978.480000 618.660000 84 71 67
971.570000 647.170000 1042.210000 614.890000 219 194 183
982.910000 646.780000 1053.090000 613.670000 132 110 104
862.770000 644.060000 925.820000 615.560000 27 19 9
679.620000 643.580000 712.570000 623.510000 42 34 19
992.010000 641.200000 1061.460000 606.940000 43 29 16
974.210000 638.460000 1044.200000 605.130000 123 98 89
994.850000 637.780000 1063.910000 603.280000 106 88 74
953.250000 637.060000 1020.140000 604.650000 110 91 72
211.770000 633.440000 190.860000 632.160000 92 86 107
1107.850000 629.790000 1156.640000 591.600000 92 81 75
515.110000 627.910000 516.380000 614.630000 172 156 144
407.430000 627.490000 397.730000 616.820000 156 147 136
217.280000 627.340000 194.930000 626.610000 103 101 122
937.910000 626.830000 1014.590000 593.760000 201 190 178
582.090000 626.280000 594.600000 609.430000 49 35 23
534.380000 625.500000 537.600000 610.640000 223 219 196
215.730000 624.280000 193.420000 623.290000 47 45 66
510.840000 618.990000 512.020000 604.840000 212 198 189
915.130000 613.240000 973.880000 580.610000 139 116 91
368.490000 611.250000 355.810000 602.920000 46 44 66
366.380000 607.450000 353.070000 599.460000 106 105 129
374.400000 606.990000 362.600000 598.900000 104 104 120
239.950000 605.300000 215.540000 603.050000 44 42 63
975.160000 605.090000 1044.190000 568.720000 69 49 40
235.890000 604.870000 212.100000 602.270000 62 60 79
969.370000 604.680000 1037.620000 568.900000 122 100 84
928.400000 603.370000 989.940000 569.310000 108 86 72
492.640000 603.740000 493.610000 589.410000 145 170 98
368.400000 603.210000 354.340000 594.630000 73 72 87
974.250000 599.170000 1042.920000 563.090000 81 59 47
400.360000 594.330000 380.660000 584.570000 149 145 128
368.570000 594.100000 354.010000 584.710000 201 188 189
947.920000 590.450000 1010.660000 554.800000 226 205 188
389.000000 590.410000 374.800000 580.960000 118 116 96
454.950000 588.830000 442.330000 576.600000 120 136 75
973.210000 587.510000 1041.710000 550.190000 61 42 36
946.330000 587.340000 1009.450000 551.440000 119 98 81
363.780000 587.500000 346.800000 578.700000 83 72 62
935.960000 587.230000 998.170000 551.770000 125 101 82
257.350000 582.920000 232.450000 578.070000 97 96 113
462.140000 580.780000 449.610000 568.160000 41 45 16
475.130000 580.000000 462.890000 566.460000 210 210 198
458.340000 579.780000 445.440000 567.380000 150 160 113
375.790000 578.530000 359.380000 568.620000 77 80 58
1002.870000 577.490000 1065.840000 539.310000 57 40 32
1002.870000 577.490000 1065.840000 539.310000 57 40 32
254.310000 574.770000 226.460000 569.910000 129 127 136
143.550000 574.610000 110.090000 574.790000 77 75 82
832.520000 572.790000 874.200000 540.020000 26 14 16
1042.340000 572.390000 1099.160000 532.890000 61 44 40
917.210000 571.390000 973.540000 535.580000 112 91 72
971.900000 570.480000 1038.990000 532.040000 76 58 55
971.900000 570.480000 1038.990000 532.040000 76 58 55
212.930000 568.240000 184.500000 564.510000 31 29 36
992.700000 568.070000 1056.530000 528.720000 54 37 29
219.050000 566.410000 190.780000 562.500000 38 37 41
355.390000 565.510000 335.080000 556.510000 99 93 92
898.710000 561.500000 951.970000 526.060000 142 112 95
935.310000 560.370000 996.240000 522.580000 125 95 78
220.750000 560.580000 191.410000 557.980000 33 32 33
358.040000 559.510000 337.090000 550.830000 107 101 89
454.770000 551.540000 440.880000 538.750000 49 43 36
233.030000 549.600000 205.810000 544.760000 65 65 65
402.010000 548.980000 382.810000 537.700000 90 83 84
967.980000 548.550000 1034.510000 508.490000 86 69 61
821.010000 546.790000 856.990000 513.970000 94 95 86
608.350000 546.410000 613.370000 524.630000 196 187 166
289.290000 544.940000 263.630000 538.770000 86 83 98
485.130000 543.740000 469.300000 529.240000 16 11 12
210.750000 542.480000 180.860000 538.740000 98 96 97
157.760000 542.420000 122.750000 539.080000 87 85 92
992.690000 541.300000 1055.120000 500.340000 66 49 39
215.550000 540.270000 184.650000 538.430000 38 38 38
988.560000 536.180000 1051.870000 495.060000 49 33 21
916.120000 535.910000 973.290000 497.250000 130 108 94
157.350000 536.010000 123.710000 533.040000 97 91 100
939.990000 534.350000 1001.600000 494.460000 155 131 112
779.260000 533.060000 810.610000 501.810000 22 6 1
998.640000 530.540000 1059.520000 489.200000 35 24 14
394.990000 530.370000 374.350000 519.010000 85 77 76
922.710000 524.990000 980.220000 485.480000 130 109 89
370.020000 519.120000 348.100000 508.880000 204 191 177
271.440000 517.670000 243.770000 510.670000 19 17 26
244.940000 517.260000 215.780000 511.350000 9 8 16
244.940000 517.260000 215.780000 511.350000 9 8 16
917.630000 515.010000 972.340000 475.080000 122 102 87
626.170000 515.200000 584.110000 501.520000 54 49 31
223.130000 514.830000 191.800000 509.330000 86 86 94
217.520000 513.780000 185.410000 508.690000 74 74 81
1091.200000 513.730000 1135.520000 471.190000 17 7 5
955.580000 511.160000 1019.900000 468.530000 96 75 64
425.340000 508.780000 412.200000 493.520000 157 157 145
674.050000 506.370000 686.840000 479.040000 36 30 11
962.510000 505.430000 1027.700000 461.670000 55 34 25
722.860000 502.710000 744.150000 472.330000 69 54 42
722.860000 502.710000 744.150000 472.330000 69 54 42
679.310000 502.180000 694.450000 473.970000 255 251 230
348.800000 501.550000 323.250000 491.720000 98 97 110
163.830000 500.710000 127.390000 495.430000 84 76 83
160.170000 500.260000 123.100000 494.830000 44 38 47
272.440000 497.570000 243.650000 490.950000 19 18 31
742.700000 496.960000 766.710000 464.780000 181 171 153
711.040000 496.250000 731.210000 465.690000 255 242 226
584.390000 493.320000 583.960000 470.870000 88 77 63
728.850000 492.990000 751.080000 461.380000 229 221 207
279.880000 491.430000 251.070000 483.150000 35 37 45
910.660000 490.310000 964.390000 448.510000 119 105 90
164.330000 489.890000 127.590000 483.020000 78 72 77
408.250000 488.880000 387.450000 476.150000 55 49 40
250.500000 488.760000 219.980000 481.280000 84 81 96
250.500000 488.760000 219.980000 481.280000 84 81 96
254.400000 486.420000 223.860000 479.550000 32 32 47
367.140000 484.610000 342.980000 473.960000 129 117 113
363.080000 484.950000 338.850000 473.900000 221 210 210
807.780000 484.650000 960.960000 422.590000 201 190 172
818.470000 482.610000 855.290000 445.710000 195 184 166
161.910000 482.560000 124.290000 475.210000 52 47 55
373.790000 481.410000 350.560000 469.500000 76 65 60
614.460000 480.480000 590.980000 464.080000 30 29 23
947.540000 479.580000 1008.030000 435.230000 114 95 77
164.880000 478.640000 127.440000 472.050000 87 83 89
95.410000 478.170000 50.490000 473.610000 19 11 17
395.440000 477.740000 374.360000 464.640000 61 58 51
161.530000 477.250000 123.920000 469.220000 60 56 65
277.800000 476.170000 247.840000 467.980000 96 97 109
630.890000 475.960000 635.980000 448.350000 91 92 85
718.680000 475.370000 738.380000 442.720000 185 176 168
940.690000 471.790000 1000.080000 426.630000 221 205 184
800.930000 471.950000 783.890000 447.290000 225 215 194
273.970000 468.460000 242.860000 460.590000 63 60 72
264.710000 468.770000 233.930000 460.890000 40 39 54
482.060000 467.020000 462.320000 451.100000 43 37 40
265.000000 465.340000 232.220000 457.300000 125 124 134
853.240000 464.220000 781.550000 450.660000 104 95 74
1061.070000 460.640000 1110.310000 415.510000 169 164 144
259.220000 460.380000 227.860000 452.710000 134 131 134
873.030000 459.930000 773.100000 452.570000 116 107 83
521.520000 460.120000 503.480000 442.160000 119 111 116
877.760000 458.970000 956.860000 409.080000 141 132 108
238.940000 459.050000 206.010000 451.200000 102 99 107
882.370000 457.990000 961.380000 407.890000 142 132 108
235.590000 456.110000 202.280000 448.250000 37 35 41
340.550000 454.390000 313.370000 443.940000 252 253 255
961.620000 453.140000 1022.970000 405.660000 29 24 12
371.490000 452.850000 346.910000 439.070000 175 168 167
371.490000 452.850000 346.910000 439.070000 175 168 167
913.240000 451.590000 961.380000 407.890000 93 84 57
918.180000 450.690000 971.290000 405.530000 98 90 63
464.410000 450.550000 444.890000 435.000000 41 33 32
929.640000 448.310000 781.550000 450.660000 91 82 63
934.700000 447.220000 971.290000 405.530000 97 87 71
1019.560000 446.700000 1069.950000 400.360000 54 39 30
754.450000 445.290000 777.310000 409.640000 66 65 57
367.780000 441.520000 342.370000 426.800000 131 125 111
929.530000 441.230000 983.660000 394.970000 137 113 94
934.720000 440.400000 988.790000 393.820000 122 101 82
938.420000 439.830000 994.340000 392.540000 133 114 98
403.980000 438.680000 383.110000 422.990000 107 104 100
725.680000 434.840000 744.630000 400.180000 210 200 184
802.420000 433.930000 833.200000 394.780000 105 99 88
802.420000 433.930000 833.200000 394.780000 105 99 88
778.330000 433.710000 804.210000 396.330000 27 32 34
811.110000 429.360000 842.090000 390.140000 39 36 29
801.500000 428.160000 832.140000 389.280000 88 82 72
294.460000 426.650000 263.020000 417.370000 199 227 241
351.030000 425.320000 324.020000 411.440000 82 161 174
291.440000 423.510000 258.810000 414.070000 34 65 91
291.440000 423.510000 258.810000 414.070000 34 65 91
748.450000 420.600000 769.750000 384.010000 50 50 38
522.380000 419.920000 502.540000 401.550000 108 101 105
427.600000 417.430000 404.040000 400.820000 122 118 128
303.310000 417.590000 273.410000 403.520000 179 239 255
591.160000 416.980000 588.340000 389.300000 98 95 95
862.400000 414.490000 903.690000 369.920000 122 123 118
216.840000 413.390000 179.020000 404.440000 176 250 254
184.810000 412.460000 145.500000 401.660000 15 15 25
532.260000 412.220000 521.660000 390.650000 38 33 29
173.900000 411.900000 133.420000 400.790000 41 39 47
862.130000 409.480000 902.030000 364.810000 115 116 112
713.850000 409.660000 730.630000 373.270000 214 207 210
627.820000 409.760000 631.300000 378.870000 71 67 69
185.790000 408.460000 145.880000 398.150000 61 65 82
319.040000 406.280000 288.000000 391.330000 186 253 255
319.010000 406.260000 288.000000 391.330000 186 253 255
611.650000 402.970000 611.380000 373.590000 38 38 36
491.440000 396.070000 471.470000 377.450000 62 78 76
959.780000 395.310000 1014.250000 344.200000 46 25 16
627.300000 394.940000 630.030000 362.990000 50 47 42
267.960000 387.410000 234.500000 374.010000 172 252 255
629.480000 387.080000 631.870000 355.570000 202 197 185
454.300000 382.250000 433.500000 362.790000 1 70 107
617.590000 379.770000 616.550000 348.780000 213 200 179
1269.120000 377.550000 1260.450000 337.040000 18 13 19
470.840000 377.240000 450.620000 355.900000 18 98 151
455.880000 376.100000 435.840000 354.570000 56 91 139
627.250000 374.720000 629.310000 341.460000 205 190 168
729.910000 366.890000 746.610000 326.820000 240 231 208
749.200000 359.770000 767.990000 318.740000 32 36 39
510.240000 357.630000 490.860000 337.360000 58 101 138
1185.710000 355.550000 1199.000000 310.850000 31 29 28
1190.650000 351.440000 1203.420000 306.340000 22 18 16
770.030000 350.790000 859.280000 274.630000 50 60 59
865.930000 349.760000 907.030000 299.660000 231 221 205
732.970000 345.310000 749.850000 303.750000 181 175 171
732.970000 345.310000 749.850000 303.750000 181 175 171
722.840000 345.140000 738.460000 303.760000 216 206 192
1132.030000 343.450000 1155.910000 296.040000 186 176 170
566.520000 339.270000 558.380000 308.900000 255 245 226
453.470000 339.480000 431.750000 317.010000 64 62 59
724.320000 337.760000 740.050000 295.440000 238 230 215
1060.290000 337.430000 1094.420000 288.000000 115 113 108
717.910000 335.760000 731.940000 294.110000 167 158 149
801.800000 335.560000 767.990000 318.740000 34 42 42
462.230000 334.450000 438.950000 312.500000 54 68 88
466.090000 331.640000 443.790000 309.390000 47 71 91
752.470000 329.460000 774.040000 283.980000 21 21 43
801.190000 328.210000 827.840000 282.170000 72 72 70
594.390000 328.460000 588.510000 295.950000 132 126 120
755.760000 327.760000 835.510000 250.710000 29 34 49
731.810000 327.920000 748.030000 285.390000 109 102 103
776.950000 327.070000 799.020000 282.150000 228 250 255
772.320000 326.720000 857.290000 248.530000 123 152 195
862.440000 324.880000 901.890000 273.600000 231 218 198
760.790000 325.070000 835.510000 250.710000 21 30 45
770.350000 323.850000 858.460000 242.870000 134 146 200
777.410000 323.630000 785.920000 285.480000 126 149 195
717.360000 322.640000 731.240000 281.030000 198 187 171
776.780000 320.090000 834.620000 255.030000 147 161 209
335.560000 315.600000 304.110000 295.360000 75 85 96
732.780000 314.800000 751.800000 269.320000 232 229 206
326.440000 315.080000 295.750000 294.780000 49 71 90
860.500000 312.460000 899.210000 258.540000 239 224 203
609.080000 312.260000 580.210000 297.730000 209 216 216
817.430000 307.390000 799.020000 282.150000 236 254 255
786.700000 304.030000 810.840000 255.210000 180 178 175
1056.670000 303.180000 1089.410000 252.190000 37 34 29
622.150000 302.000000 619.490000 265.620000 247 242 236
863.250000 301.430000 902.070000 246.770000 245 236 213
789.260000 300.320000 813.300000 251.790000 34 35 31
1024.810000 298.060000 1062.660000 245.250000 97 93 95
1024.810000 298.060000 1062.660000 245.250000 97 93 95
700.650000 298.470000 710.900000 255.530000 179 165 166
631.910000 298.540000 631.020000 260.500000 145 148 134
1062.090000 293.310000 1096.620000 241.060000 95 92 87
1062.090000 293.310000 1096.620000 241.060000 95 92 87
848.330000 291.520000 880.500000 240.470000 234 244 250
291.930000 291.460000 256.030000 269.950000 138 244 253
679.780000 290.950000 688.530000 249.090000 178 157 137
401.310000 288.450000 371.650000 265.970000 191 229 255
1061.230000 286.500000 1095.650000 233.670000 32 29 24
391.890000 283.500000 362.580000 261.980000 152 203 232
852.870000 282.280000 889.170000 227.090000 232 228 212
710.550000 279.230000 722.520000 233.730000 209 202 188
526.090000 278.040000 504.080000 252.190000 139 225 255
441.410000 275.350000 417.060000 251.990000 18 73 116
983.240000 272.890000 1027.190000 214.730000 153 142 132
858.520000 270.700000 895.420000 213.710000 74 68 40
308.430000 269.160000 272.870000 245.120000 28 107 141
447.010000 268.120000 421.010000 240.620000 137 217 255
984.930000 261.620000 1028.450000 202.260000 84 72 67
712.930000 260.860000 722.910000 214.430000 161 150 138
610.730000 260.430000 605.090000 221.670000 193 220 231
858.920000 259.380000 895.950000 202.560000 196 184 172
236.520000 258.390000 193.890000 235.060000 78 176 213
986.910000 257.400000 1029.950000 197.370000 113 102 97
335.550000 255.370000 301.560000 230.940000 146 243 255
427.370000 254.140000 399.820000 227.630000 29 99 148
427.370000 254.140000 399.820000 227.630000 29 99 148
338.600000 254.190000 304.610000 229.290000 20 106 149
585.020000 253.340000 575.970000 215.190000 106 100 86
318.130000 252.560000 282.140000 228.770000 35 150 189
618.320000 249.910000 612.990000 210.080000 21 26 36
588.740000 249.410000 579.370000 211.530000 120 114 96
698.460000 248.780000 706.560000 200.760000 147 136 132
354.400000 246.560000 321.530000 220.610000 37 118 159
640.620000 241.110000 639.160000 198.660000 152 146 140
408.720000 239.260000 378.930000 214.140000 79 145 189
637.450000 234.920000 635.150000 191.950000 231 241 249
637.450000 234.920000 635.150000 191.950000 231 241 249
356.110000 234.950000 322.620000 207.480000 21 104 148
356.110000 234.950000 322.620000 207.480000 21 104 148
621.050000 231.520000 614.900000 191.260000 199 220 242
242.760000 230.910000 200.250000 202.230000 162 245 248
804.660000 229.990000 829.990000 173.630000 158 147 135
331.910000 228.910000 296.340000 201.060000 151 189 239
664.710000 228.160000 666.560000 182.780000 153 134 119
376.670000 226.000000 344.810000 199.120000 67 160 203
727.440000 224.720000 738.400000 173.880000 159 150 129
565.750000 224.320000 552.640000 186.580000 238 228 214
267.200000 224.470000 224.950000 194.930000 61 140 185
631.310000 221.650000 628.830000 176.500000 186 195 226
623.360000 218.070000 618.690000 175.850000 122 122 106
640.960000 216.220000 638.380000 170.000000 183 173 167
356.550000 216.160000 322.030000 187.790000 48 134 184
628.380000 214.000000 623.640000 170.410000 116 118 105
472.890000 213.660000 448.530000 182.420000 52 140 193
359.010000 210.550000 325.260000 182.190000 138 232 255
802.900000 207.000000 827.730000 149.420000 231 211 196
350.420000 206.680000 314.450000 176.880000 50 136 185
518.920000 206.120000 495.400000 174.900000 86 150 196
1006.530000 205.510000 1043.990000 143.340000 47 37 21
640.470000 204.220000 637.600000 159.240000 166 155 139
386.300000 201.200000 353.750000 170.000000 25 128 172
627.960000 198.390000 623.120000 153.300000 167 153 138
439.680000 198.480000 410.860000 166.860000 44 164 207
439.680000 198.480000 410.860000 166.860000 44 164 207
439.680000 198.480000 410.860000 166.860000 44 164 207
415.380000 197.950000 385.530000 166.820000 58 147 197
422.090000 197.480000 392.480000 166.750000 49 132 184
752.400000 196.320000 767.420000 141.520000 248 254 251
632.310000 193.610000 627.940000 148.540000 165 149 135
499.420000 193.340000 475.610000 160.970000 107 223 255
430.490000 193.590000 400.520000 162.510000 44 162 207
481.630000 191.650000 456.580000 159.440000 35 136 182
1149.350000 190.290000 1161.060000 140.960000 63 62 56
487.110000 186.130000 462.620000 153.790000 56 118 170
600.550000 182.710000 589.750000 138.300000 226 240 240
491.360000 182.700000 466.950000 149.610000 135 205 248
496.890000 181.650000 473.360000 148.640000 120 208 255
384.420000 179.920000 351.420000 147.090000 57 137 182
693.390000 177.490000 698.450000 125.740000 160 148 139
533.520000 177.780000 513.890000 138.410000 116 166 183
1211.210000 176.280000 1202.250000 134.300000 13 11 20
411.790000 176.370000 379.960000 143.380000 68 139 191
411.790000 176.370000 379.960000 143.380000 68 139 191
382.810000 176.040000 349.610000 143.740000 137 206 253
445.470000 171.370000 417.270000 137.610000 117 194 241
459.610000 170.820000 432.790000 136.780000 69 172 217
400.540000 170.670000 368.140000 136.750000 77 173 219
549.710000 167.450000 536.660000 119.470000 76 64 54
399.720000 165.350000 366.740000 131.630000 61 178 215
851.330000 161.630000 883.920000 94.510000 215 196 178
857.900000 161.210000 892.120000 93.090000 215 197 177
910.730000 160.460000 956.430000 87.730000 30 23 24
898.510000 150.420000 942.390000 76.670000 235 224 208
1099.080000 149.350000 1118.060000 95.320000 139 128 134
1095.030000 147.970000 1114.850000 92.740000 74 66 69
843.350000 147.480000 874.720000 79.180000 216 199 180
905.750000 145.900000 948.890000 72.300000 197 185 173
730.280000 144.680000 739.040000 86.840000 56 49 48
906.650000 142.470000 951.290000 67.270000 58 46 42
1097.030000 140.830000 1116.410000 85.550000 101 96 100
1084.210000 133.060000 1103.970000 76.360000 46 45 39
689.020000 125.490000 692.060000 67.210000 149 138 127
563.560000 121.930000 545.680000 75.440000 249 240 229
560.100000 121.250000 541.270000 74.400000 161 149 137
533.600000 117.200000 511.700000 74.980000 96 148 170
568.520000 116.120000 550.770000 69.630000 202 196 186
530.640000 114.750000 508.760000 70.710000 114 219 254
559.700000 112.730000 541.080000 66.180000 162 151 141
711.700000 111.300000 716.590000 52.300000 163 151 143
870.390000 105.770000 907.040000 29.130000 221 202 187
605.430000 104.500000 593.310000 53.500000 200 199 201
1013.880000 102.550000 1040.480000 38.060000 77 79 72
850.220000 100.950000 881.510000 25.930000 217 201 188
664.170000 101.120000 660.910000 44.970000 152 136 123
870.220000 97.020000 906.130000 20.520000 189 173 157
627.070000 82.910000 617.840000 27.340000 33 24 29
803.050000 80.340000 822.630000 9.640000 207 235 251
1020.830000 78.380000 1047.260000 11.720000 54 46 51
800.350000 78.760000 820.080000 7.390000 49 69 87
569.880000 75.610000 550.820000 26.150000 68 65 75
547.070000 821.940000 624.600000 843.980000 174 156 143
385.540000 818.460000 426.550000 848.190000 150 138 128
205.770000 806.540000 203.450000 843.100000 121 111 121
497.440000 802.990000 555.900000 820.360000 151 136 125
698.050000 799.810000 795.830000 804.880000 143 122 105
698.050000 799.810000 795.830000 804.880000 143 122 105
515.630000 795.570000 574.660000 809.630000 183 169 156
216.560000 772.380000 209.590000 797.580000 134 141 139
254.690000 771.940000 256.400000 794.750000 148 151 151
86.170000 772.010000 50.400000 806.150000 155 153 150
187.870000 757.420000 172.750000 780.980000 176 176 172
589.490000 750.090000 639.730000 747.060000 154 139 128
328.950000 741.540000 337.940000 751.920000 170 177 174
953.490000 737.430000 1049.170000 714.320000 64 48 35
952.220000 734.770000 1047.190000 711.050000 95 76 65
554.360000 720.220000 589.010000 714.220000 144 135 127
659.360000 713.910000 702.490000 701.200000 160 136 118
791.550000 709.860000 850.930000 690.920000 127 108 85
786.840000 708.230000 843.470000 688.450000 189 171 145
1021.130000 701.900000 1102.640000 671.550000 239 160 95
925.080000 701.800000 1012.130000 676.410000 104 100 98
794.070000 699.540000 867.630000 680.810000 109 95 78
794.690000 696.860000 866.920000 675.620000 167 153 140
815.430000 692.730000 886.550000 670.860000 191 187 174
821.670000 692.040000 894.230000 670.340000 217 213 204
701.530000 687.420000 738.810000 669.960000 191 175 161
730.580000 686.800000 773.450000 667.890000 110 95 80
662.300000 684.790000 696.030000 668.920000 136 116 107
744.920000 678.640000 786.100000 657.930000 157 142 121
676.480000 676.710000 710.430000 659.460000 80 68 60
764.540000 676.140000 805.680000 654.480000 62 47 28
675.970000 673.260000 711.320000 653.460000 227 216 206
669.300000 671.590000 703.930000 654.560000 77 67 51
684.290000 669.630000 718.220000 651.280000 176 162 147
607.500000 667.490000 630.330000 652.520000 165 147 127
708.460000 665.500000 740.260000 644.890000 185 169 153
606.750000 664.640000 629.620000 649.800000 128 110 92
606.750000 664.640000 629.620000 649.800000 128 110 92
327.260000 663.930000 317.260000 662.610000 162 169 171
814.610000 661.120000 883.230000 635.750000 7 1 0
631.070000 656.540000 653.090000 639.500000 249 231 218
631.070000 656.540000 653.090000 639.500000 249 231 218
974.560000 650.240000 1045.160000 617.650000 130 105 96
941.750000 650.560000 1019.270000 619.330000 163 152 135
848.800000 648.710000 912.090000 622.390000 58 45 45
957.690000 639.090000 1024.940000 606.780000 228 210 186
933.920000 638.340000 1010.910000 606.840000 143 131 129
961.120000 637.840000 1028.120000 604.720000 119 99 75
976.380000 635.780000 1046.140000 602.170000 214 190 180
925.610000 632.430000 1000.480000 599.840000 243 230 225
848.180000 631.440000 910.390000 603.300000 204 195 168
715.040000 631.730000 747.240000 609.270000 177 163 150
988.400000 627.670000 1058.090000 592.670000 111 96 89
522.660000 623.760000 525.550000 609.630000 122 110 95
518.910000 624.030000 521.720000 609.420000 101 85 72
522.470000 620.800000 524.110000 606.450000 175 164 151
1050.370000 619.260000 1109.350000 581.890000 125 108 98
388.220000 618.630000 380.230000 610.140000 113 109 117
734.430000 614.880000 760.400000 590.900000 178 169 146
734.430000 614.880000 760.400000 590.900000 178 169 146
1039.390000 614.030000 1100.510000 576.300000 84 67 57
921.870000 613.460000 980.410000 580.550000 136 112 94
1170.340000 611.870000 1206.370000 570.650000 134 124 119
423.600000 610.650000 414.920000 600.030000 128 145 80
907.160000 610.140000 964.060000 577.500000 239 212 184
989.120000 608.140000 1056.970000 571.330000 77 58 47
989.120000 608.140000 1056.970000 571.330000 77 58 47
507.180000 607.300000 507.280000 592.010000 157 150 139
239.280000 601.560000 215.100000 599.220000 90 88 109
856.890000 601.110000 903.990000 570.350000 137 107 92
783.190000 599.550000 816.990000 571.840000 77 63 46
355.670000 597.370000 340.550000 589.090000 62 55 74
1034.770000 596.710000 1037.090000 559.850000 136 122 106
172.840000 596.520000 143.020000 595.670000 54 55 57
952.790000 595.990000 1017.920000 560.420000 194 170 152
965.020000 595.700000 1032.170000 559.610000 228 204 188
782.980000 594.950000 816.930000 567.200000 120 107 85
477.700000 595.170000 467.630000 582.240000 97 105 66
860.650000 594.670000 908.500000 562.820000 214 187 154
344.210000 593.960000 326.730000 586.380000 106 108 117
247.730000 594.010000 222.830000 590.580000 79 77 96
1064.820000 593.630000 1120.200000 554.430000 80 67 62
1098.770000 592.130000 1144.750000 552.470000 105 97 80
862.770000 591.930000 910.070000 560.230000 148 122 83
370.270000 591.380000 355.590000 582.030000 128 116 110
386.500000 590.430000 372.000000 580.900000 113 110 96
970.640000 590.210000 1039.580000 553.410000 231 211 200
530.440000 587.140000 530.380000 571.620000 51 64 44
775.930000 585.410000 808.740000 557.060000 237 215 214
974.820000 584.530000 1043.420000 547.010000 100 82 79
974.820000 584.530000 1043.420000 547.010000 100 82 79
838.560000 582.480000 881.030000 551.170000 116 98 77
1096.150000 580.060000 1141.400000 539.940000 128 118 105
1029.400000 579.100000 1088.570000 540.270000 73 60 49
963.520000 578.870000 1029.790000 541.640000 213 192 183
354.920000 573.010000 336.470000 563.860000 236 234 236
1048.350000 571.430000 1104.640000 531.700000 81 65 61
507.450000 571.540000 495.320000 556.730000 218 221 188
857.890000 571.000000 904.720000 538.010000 229 197 172
835.380000 570.800000 877.620000 538.890000 202 181 180
525.080000 570.440000 513.550000 555.170000 241 242 233
525.080000 570.440000 513.550000 555.170000 241 242 233
866.010000 567.690000 913.820000 533.870000 152 117 97
531.360000 567.520000 528.450000 551.530000 40 27 25
834.620000 566.470000 876.520000 534.920000 203 187 179
1051.120000 565.890000 1106.020000 525.600000 80 67 62
1058.650000 565.140000 1112.810000 524.750000 57 45 40
460.430000 565.170000 447.140000 551.630000 27 23 21
612.730000 563.510000 618.620000 542.160000 126 130 115
1055.300000 563.000000 1108.920000 523.030000 116 104 98
892.310000 561.860000 944.680000 526.520000 132 103 76
462.120000 561.910000 448.760000 548.520000 112 106 100
895.680000 559.210000 947.940000 523.670000 241 213 191
848.080000 559.000000 893.030000 525.880000 160 132 107
923.030000 558.440000 981.130000 521.420000 226 202 184
992.980000 557.170000 1057.410000 517.050000 73 57 45
460.030000 556.070000 446.110000 542.300000 41 35 28
385.900000 555.390000 366.100000 545.230000 87 85 82
833.360000 553.180000 875.180000 520.290000 220 206 193
1039.000000 552.500000 1095.480000 511.760000 84 69 62
606.530000 552.760000 611.020000 532.170000 112 108 91
440.610000 552.320000 423.740000 540.130000 97 91 84
440.610000 552.320000 423.740000 540.130000 97 91 84
992.820000 551.810000 1056.500000 511.250000 82 66 54
945.750000 549.640000 1007.370000 510.740000 143 116 93
833.170000 548.840000 874.680000 515.490000 199 184 173
961.280000 548.700000 1028.500000 508.680000 135 114 101
258.140000 546.720000 230.820000 541.690000 60 59 63
965.380000 546.120000 1031.180000 505.580000 194 177 167
930.260000 545.260000 906.130000 515.110000 124 100 81
1100.250000 544.900000 1145.790000 503.190000 137 126 113
255.070000 543.910000 224.410000 538.440000 55 54 58
497.250000 543.320000 481.270000 528.960000 14 8 11
491.960000 543.670000 476.460000 529.130000 27 21 24
829.660000 542.950000 870.630000 509.440000 81 74 50
859.660000 542.520000 905.080000 507.400000 216 187 167
843.510000 541.560000 886.910000 507.230000 163 140 116
922.190000 540.550000 979.470000 502.180000 117 92 80
996.980000 538.130000 1058.760000 497.570000 142 125 117
900.700000 537.090000 953.780000 499.630000 128 104 90
533.470000 534.350000 529.120000 516.070000 150 137 138
921.610000 530.410000 978.700000 491.390000 112 91 74
1010.890000 529.990000 1070.070000 488.110000 55 44 34
963.930000 530.100000 1029.500000 488.620000 180 165 159
457.190000 529.340000 442.590000 516.040000 51 46 32
151.070000 526.520000 114.810000 523.000000 45 42 53
357.310000 525.170000 335.240000 515.220000 114 101 106
1112.010000 524.600000 1105.780000 488.770000 137 127 122
1056.400000 523.970000 1108.660000 481.290000 63 53 46
848.120000 522.460000 891.560000 486.490000 135 115 99
811.460000 522.540000 812.990000 493.960000 138 117 97
811.460000 522.540000 812.990000 493.960000 138 117 97
774.260000 522.550000 804.230000 490.700000 130 111 96
823.730000 521.080000 861.570000 486.360000 132 113 95
975.910000 518.870000 1039.760000 476.460000 97 86 74
961.880000 519.230000 1026.990000 477.130000 179 167 159
906.360000 519.180000 959.510000 480.160000 249 237 224
362.200000 518.280000 339.080000 508.750000 196 181 176
888.160000 518.220000 972.340000 475.080000 126 105 88
610.650000 515.370000 611.100000 492.900000 249 235 220
803.890000 514.850000 838.470000 480.640000 140 118 101
840.060000 514.170000 882.470000 478.120000 116 97 82
650.750000 513.290000 628.600000 494.570000 184 176 157
662.370000 511.240000 776.780000 462.730000 188 181 157
979.200000 510.590000 1042.890000 467.940000 42 27 20
945.170000 510.060000 1006.580000 467.910000 213 188 172
842.410000 509.410000 884.060000 473.030000 111 92 77
339.020000 509.620000 313.700000 500.580000 96 92 103
895.110000 507.330000 946.760000 467.980000 95 73 59
829.460000 506.940000 868.600000 470.870000 140 124 108
341.330000 507.120000 315.140000 498.200000 32 28 38
956.890000 505.340000 1021.140000 461.800000 116 94 82
351.510000 504.080000 327.000000 495.020000 62 59 71
688.860000 503.390000 708.760000 473.990000 70 61 40
440.110000 503.250000 423.570000 489.080000 101 96 82
712.260000 502.420000 732.430000 472.320000 184 165 151
734.110000 498.590000 757.420000 466.840000 212 202 181
690.320000 495.070000 783.890000 447.290000 253 246 231
163.750000 494.760000 127.050000 488.690000 84 79 85
684.780000 494.070000 817.890000 436.010000 141 122 107
1020.340000 493.530000 1076.910000 449.300000 99 87 79
921.750000 488.790000 977.810000 446.150000 134 115 103
341.540000 488.030000 315.430000 478.450000 34 29 47
810.450000 487.440000 834.120000 454.040000 116 105 87
725.070000 487.470000 745.780000 456.390000 141 125 111
729.510000 486.990000 751.080000 455.140000 194 180 165
272.900000 486.640000 243.450000 479.020000 30 31 43
733.380000 485.900000 756.690000 453.490000 240 228 214
493.950000 486.230000 475.860000 470.070000 81 77 77
738.050000 485.080000 778.240000 448.350000 254 246 232
897.330000 482.490000 947.850000 440.880000 118 107 86
385.850000 482.050000 362.700000 469.390000 46 38 42
757.530000 481.000000 783.890000 447.290000 253 241 220
856.650000 479.280000 930.280000 433.430000 110 100 76
856.650000 479.280000 834.120000 454.040000 110 100 76
606.710000 478.570000 609.070000 453.470000 176 174 171
772.760000 478.040000 783.890000 447.290000 235 220 199
505.350000 476.690000 487.250000 460.840000 29 28 30
877.260000 475.430000 924.620000 434.530000 102 90 78
877.260000 475.430000 939.380000 431.410000 102 90 78
772.460000 475.300000 917.130000 411.330000 140 122 102
124.060000 475.690000 81.800000 469.720000 37 28 41
786.170000 475.120000 866.660000 427.240000 254 251 233
481.700000 472.000000 462.340000 456.190000 54 47 50
290.420000 471.850000 260.860000 462.710000 91 88 93
399.730000 471.560000 378.150000 457.530000 70 64 60
807.330000 467.640000 796.020000 441.510000 133 118 97
374.230000 465.140000 350.460000 452.270000 64 58 54
400.710000 462.020000 379.160000 447.640000 97 89 90
372.190000 461.580000 348.710000 448.540000 62 55 54
424.290000 459.010000 404.760000 443.470000 159 156 149
938.560000 458.450000 978.700000 416.610000 158 153 135
745.670000 458.710000 768.120000 424.050000 154 140 115
446.630000 457.580000 428.230000 441.110000 159 157 142
849.730000 456.070000 891.220000 415.410000 198 180 159
866.500000 454.950000 867.000000 424.010000 131 119 93
844.340000 455.140000 885.550000 414.450000 115 95 75
869.320000 452.330000 945.210000 402.450000 217 203 178
275.640000 452.240000 244.840000 443.430000 66 64 71
605.910000 450.900000 607.340000 426.190000 131 131 131
855.570000 450.730000 896.750000 408.970000 202 185 161
847.940000 450.010000 887.890000 408.900000 142 118 99
834.500000 450.170000 871.830000 410.340000 215 197 176
833.760000 447.690000 871.280000 407.230000 210 192 171
243.210000 446.410000 210.990000 437.660000 129 125 133
805.090000 442.780000 850.870000 400.120000 161 152 128
873.190000 440.030000 917.130000 396.720000 124 104 85
944.280000 438.250000 1002.300000 390.550000 132 116 104
870.540000 438.340000 914.020000 395.290000 210 191 171
813.150000 438.480000 846.370000 398.560000 254 251 235
863.410000 437.490000 906.390000 394.240000 118 104 79
519.290000 437.500000 499.490000 419.990000 102 103 127
768.930000 436.390000 790.690000 400.210000 73 85 85
887.200000 436.130000 935.660000 391.780000 118 95 70
870.100000 435.800000 912.210000 392.810000 148 129 109
832.410000 435.900000 868.730000 394.900000 147 139 124
894.540000 434.590000 941.990000 389.990000 132 107 83
918.230000 433.630000 970.520000 387.280000 134 107 84
918.230000 433.630000 970.520000 387.280000 134 107 84
877.510000 433.390000 921.580000 389.940000 135 111 94
986.390000 432.790000 1041.030000 385.170000 75 58 50
921.320000 432.970000 974.730000 386.180000 174 147 126
245.710000 433.220000 212.110000 424.240000 108 104 115
1084.780000 432.440000 1122.260000 386.610000 92 77 65
780.540000 430.550000 805.880000 393.020000 142 154 156
594.320000 428.830000 592.860000 401.540000 152 151 155
428.820000 428.960000 406.890000 412.550000 136 132 136
999.640000 428.620000 1051.770000 380.860000 143 121 110
588.910000 428.360000 586.570000 401.210000 19 20 22
602.480000 428.020000 602.560000 399.970000 38 36 35
870.060000 426.270000 912.810000 382.220000 139 125 108
600.310000 426.200000 600.270000 398.020000 188 186 187
964.630000 422.050000 1021.050000 373.250000 114 97 86
874.310000 420.680000 918.130000 375.600000 162 147 128
617.980000 420.700000 619.910000 391.250000 72 77 82
623.130000 418.700000 597.720000 402.450000 39 41 49
979.890000 418.050000 1034.710000 369.630000 50 28 26
886.610000 417.570000 931.920000 371.780000 143 116 94
878.200000 416.960000 923.390000 371.410000 235 216 199
574.670000 416.750000 570.650000 390.460000 199 185 168
882.640000 416.280000 928.570000 370.570000 221 197 177
628.410000 415.950000 631.820000 385.280000 64 60 58
642.920000 415.770000 648.550000 384.680000 202 184 166
962.970000 415.000000 1018.260000 365.140000 45 25 14
962.970000 415.000000 1018.260000 365.140000 45 25 14
473.530000 414.690000 454.230000 396.600000 47 45 45
626.290000 413.810000 629.880000 383.110000 160 158 159
626.290000 413.810000 629.880000 383.110000 160 158 159
973.740000 412.250000 1029.510000 363.340000 67 45 36
924.870000 412.010000 978.000000 363.370000 144 121 102
716.670000 411.850000 733.660000 375.700000 98 95 99
594.190000 411.790000 592.110000 383.490000 52 45 45
525.490000 411.980000 506.030000 393.180000 110 102 107
857.720000 410.530000 894.350000 366.830000 127 143 146
878.230000 410.130000 923.420000 363.590000 135 117 99
891.870000 409.270000 939.560000 361.930000 232 208 184
924.750000 409.180000 978.420000 359.990000 228 208 188
855.600000 408.640000 890.620000 365.050000 208 234 235
206.610000 408.430000 168.220000 399.530000 145 221 253
921.840000 407.730000 975.420000 358.550000 140 122 98
886.660000 407.730000 932.640000 360.660000 158 135 113
716.640000 406.830000 733.330000 370.450000 82 79 83
891.080000 406.560000 938.060000 359.220000 136 112 88
346.960000 404.320000 319.610000 389.500000 60 166 195
604.110000 401.930000 603.240000 372.420000 129 128 120
955.260000 399.280000 1010.940000 348.430000 47 31 19
373.230000 398.650000 345.550000 382.310000 74 79 84
889.380000 397.110000 935.400000 349.510000 142 118 96
889.380000 397.110000 935.400000 349.510000 142 118 96
877.480000 396.480000 921.760000 349.130000 161 148 128
622.680000 396.540000 625.950000 364.960000 44 40 42
622.680000 396.540000 625.950000 364.960000 44 40 42
370.300000 396.650000 342.480000 379.960000 167 179 184
942.850000 392.100000 1000.610000 340.730000 96 74 65
961.660000 386.650000 1014.180000 334.590000 77 56 54
934.180000 386.410000 989.230000 334.520000 218 198 184
260.990000 386.130000 227.680000 372.940000 158 242 255
635.990000 385.350000 639.090000 352.540000 191 182 166
928.510000 383.180000 982.420000 331.730000 220 201 181
906.350000 382.310000 955.530000 332.010000 129 105 82
873.240000 380.870000 915.600000 334.070000 228 219 196
176.670000 380.940000 135.560000 372.400000 108 175 239
933.010000 376.740000 987.290000 324.320000 191 174 162
901.240000 374.050000 949.350000 323.570000 119 101 77
458.870000 372.680000 439.050000 351.290000 15 55 100
455.650000 372.470000 435.160000 351.100000 180 211 247
916.550000 371.740000 967.290000 320.130000 193 174 148
902.680000 370.970000 952.750000 320.130000 198 184 158
874.690000 370.820000 916.800000 321.990000 193 180 155
912.070000 367.870000 960.360000 316.700000 183 166 142
631.340000 367.400000 633.230000 334.440000 148 135 112
918.390000 365.780000 952.750000 320.130000 205 185 158
871.690000 365.050000 913.540000 315.770000 125 115 91
919.110000 362.760000 969.560000 310.720000 118 97 70
900.590000 361.400000 947.710000 309.990000 215 193 168
852.760000 361.490000 815.980000 342.770000 135 169 192
751.920000 361.130000 771.380000 319.810000 142 152 161
750.170000 356.450000 830.240000 285.000000 186 191 198
899.010000 355.310000 945.990000 303.260000 134 110 86
935.550000 355.160000 990.050000 300.490000 194 184 169
930.210000 354.030000 984.040000 299.490000 98 87 69
508.860000 353.770000 488.420000 331.400000 190 230 252
932.860000 353.150000 987.330000 298.160000 102 92 76
764.310000 352.430000 785.340000 309.750000 67 75 78
772.600000 351.600000 862.640000 275.590000 147 163 181
931.770000 348.550000 985.540000 293.510000 141 131 113
898.960000 348.490000 945.890000 295.620000 211 193 165
874.030000 347.900000 915.690000 296.780000 214 199 178
727.990000 347.250000 743.900000 306.130000 196 190 180
452.420000 346.130000 430.110000 324.080000 159 161 177
922.990000 344.600000 974.880000 289.590000 196 178 156
730.910000 342.830000 747.420000 301.100000 57 51 45
569.410000 341.550000 561.380000 310.990000 103 91 74
924.740000 341.080000 977.090000 285.730000 133 115 95
933.320000 340.630000 986.990000 284.520000 190 171 161
789.660000 339.650000 815.810000 294.940000 224 221 224
932.850000 335.480000 986.270000 279.130000 190 169 161
752.580000 335.590000 832.420000 260.490000 129 141 178
928.570000 334.330000 980.700000 278.440000 115 96 85
755.550000 334.460000 785.920000 285.480000 127 142 191
803.150000 331.810000 830.240000 285.000000 171 176 174
931.390000 330.900000 985.590000 273.830000 174 153 146
745.140000 330.410000 762.770000 286.900000 80 74 78
921.070000 329.110000 971.630000 273.230000 226 208 188
584.300000 328.510000 577.280000 296.280000 79 99 107
1130.660000 326.670000 1154.700000 277.100000 115 105 100
909.410000 325.110000 958.400000 269.390000 232 214 188
828.580000 323.570000 859.280000 274.630000 61 73 78
225.170000 323.100000 182.350000 304.500000 169 215 221
835.570000 322.500000 867.240000 272.920000 135 155 173
833.260000 321.040000 781.530000 311.870000 29 44 53
833.260000 321.040000 798.190000 303.950000 29 44 53
725.440000 318.940000 740.050000 276.020000 223 215 193
841.740000 317.220000 781.530000 311.870000 52 66 71
841.740000 317.220000 872.100000 268.040000 52 66 71
932.770000 314.000000 985.970000 256.410000 76 60 56
736.010000 313.310000 751.800000 269.320000 252 239 218
796.360000 310.900000 822.330000 263.590000 84 84 94
781.380000 311.050000 805.020000 263.540000 113 111 108
605.790000 311.060000 577.280000 296.280000 88 109 123
605.790000 311.060000 601.380000 276.390000 88 109 123
963.960000 310.430000 1012.790000 253.610000 133 116 106
1054.900000 309.180000 1088.270000 258.270000 94 90 90
931.060000 309.170000 983.810000 250.330000 74 59 50
806.330000 308.920000 832.420000 260.490000 133 152 183
921.670000 307.350000 972.610000 249.270000 133 118 96
863.440000 305.030000 902.460000 250.760000 122 112 89
690.240000 304.340000 698.980000 262.630000 177 161 157
612.390000 303.660000 583.560000 286.120000 201 220 230
460.910000 303.120000 438.980000 277.160000 135 158 185
672.480000 298.610000 678.340000 258.120000 220 201 181
899.530000 297.590000 946.740000 239.560000 135 118 92
807.420000 297.370000 835.970000 246.650000 102 100 107
720.250000 297.370000 733.650000 252.450000 215 197 176
865.500000 295.270000 904.610000 240.360000 169 162 138
921.440000 294.610000 971.420000 234.930000 203 190 170
677.900000 294.670000 684.880000 252.220000 206 188 168
714.100000 289.090000 726.380000 244.270000 209 199 193
521.110000 286.770000 498.940000 260.900000 106 220 253
698.110000 286.530000 708.490000 242.370000 211 200 182
398.350000 286.430000 368.950000 264.170000 48 86 117
835.330000 282.980000 790.930000 271.080000 99 98 92
642.420000 283.080000 642.330000 242.990000 134 132 121
582.780000 283.260000 574.160000 248.070000 97 117 135
701.720000 281.290000 711.530000 236.820000 172 161 150
586.220000 278.980000 578.200000 243.040000 110 132 135
496.850000 276.220000 473.940000 250.170000 66 127 181
496.850000 276.220000 473.940000 250.170000 66 127 181
871.090000 275.530000 910.770000 218.230000 197 186 167
857.240000 274.660000 894.610000 217.810000 231 223 204
846.190000 274.380000 880.210000 219.420000 48 42 26
527.140000 274.090000 504.260000 248.500000 76 150 190
568.180000 271.080000 557.550000 235.390000 89 83 73
415.940000 270.580000 386.430000 246.980000 42 134 184
846.840000 270.100000 881.110000 214.740000 32 28 12
892.450000 268.470000 937.020000 208.600000 138 121 87
874.030000 266.900000 914.070000 208.830000 207 192 154
816.630000 267.120000 812.230000 233.100000 241 227 205
496.530000 267.010000 473.030000 241.510000 140 232 255
870.290000 266.630000 909.930000 208.940000 107 94 60
461.380000 265.250000 436.950000 238.380000 45 192 227
856.550000 264.840000 894.130000 206.790000 170 160 143
565.900000 264.350000 555.320000 227.440000 169 159 147
879.590000 263.270000 919.970000 204.520000 204 184 151
263.890000 262.710000 223.800000 239.270000 124 208 250
298.880000 262.600000 262.450000 237.460000 142 246 255
585.570000 262.050000 576.430000 225.300000 43 41 35
270.620000 261.590000 231.700000 238.180000 147 232 254
577.280000 261.060000 562.040000 229.900000 102 93 75
570.540000 259.500000 558.210000 224.570000 164 148 136
604.340000 258.490000 596.940000 221.090000 189 234 253
609.230000 256.990000 603.450000 217.990000 114 146 160
892.530000 256.700000 936.380000 195.510000 214 195 167
705.010000 255.130000 714.610000 208.080000 56 54 53
587.990000 253.480000 579.160000 215.920000 173 168 153
212.460000 253.010000 166.920000 229.490000 140 211 222
585.440000 252.540000 575.970000 215.190000 127 121 106
695.730000 251.750000 703.540000 205.920000 214 194 180
695.730000 251.750000 703.540000 205.920000 214 194 180
454.940000 251.270000 429.410000 225.140000 91 203 237
449.450000 250.830000 423.340000 224.780000 143 219 252
621.460000 249.700000 616.350000 209.880000 182 202 222
625.930000 245.100000 622.260000 204.570000 196 226 236
354.550000 242.400000 320.830000 215.890000 52 133 174
345.610000 242.470000 312.650000 216.620000 40 145 184
552.050000 240.800000 537.540000 205.150000 200 186 173
631.480000 239.990000 627.280000 198.710000 159 191 212
842.820000 237.880000 876.910000 178.760000 164 149 128
415.390000 237.250000 387.370000 209.730000 138 184 229
599.820000 236.960000 590.380000 198.960000 186 177 164
607.940000 235.230000 601.870000 194.820000 89 83 70
635.150000 232.710000 632.180000 190.520000 108 129 141
635.150000 232.710000 632.180000 190.520000 108 129 141
911.500000 232.170000 959.330000 166.570000 221 211 189
383.600000 232.110000 351.370000 204.980000 143 206 249
405.780000 228.420000 374.510000 199.690000 57 129 177
360.010000 226.520000 326.280000 199.390000 122 231 254
911.960000 225.560000 958.590000 159.740000 158 149 128
341.720000 223.240000 306.110000 193.970000 130 191 242
720.050000 220.580000 730.720000 169.800000 145 137 122
473.600000 216.800000 448.310000 186.790000 93 187 233
469.350000 214.730000 444.180000 184.060000 132 218 251
442.640000 214.390000 413.250000 184.920000 54 163 207
446.090000 213.830000 418.670000 184.240000 104 217 252
791.810000 212.630000 814.820000 155.520000 203 185 165
569.290000 212.910000 555.780000 175.150000 149 147 137
351.940000 212.720000 316.660000 183.630000 58 156 202
734.810000 211.500000 746.990000 158.930000 88 90 80
288.020000 211.590000 247.290000 183.170000 79 169 213
288.020000 211.590000 247.290000 183.170000 79 169 213
640.600000 210.110000 638.110000 164.880000 169 158 146
690.080000 209.780000 695.490000 160.570000 205 186 172
473.530000 208.440000 448.370000 177.630000 133 226 254
376.700000 203.640000 342.930000 173.490000 116 226 252
314.560000 203.430000 274.760000 173.110000 57 156 194
347.030000 202.870000 311.160000 173.610000 58 147 196
275.610000 200.000000 234.700000 169.180000 131 229 254
535.150000 199.670000 517.400000 162.220000 167 162 178
532.640000 199.440000 514.100000 162.680000 53 80 111
532.640000 199.440000 514.100000 162.680000 53 80 111
489.910000 199.290000 466.500000 167.410000 67 150 199
489.910000 199.290000 466.500000 167.410000 67 150 199
463.990000 196.810000 437.710000 165.050000 66 168 218
450.070000 196.440000 423.090000 164.630000 54 151 204
826.960000 195.580000 855.600000 134.470000 168 150 132
664.070000 194.180000 664.540000 145.350000 211 191 176
466.090000 193.750000 439.530000 161.970000 111 216 255
755.050000 193.080000 770.420000 138.090000 94 103 103
450.930000 192.330000 423.660000 160.260000 106 192 239
665.790000 190.970000 666.900000 142.390000 172 152 137
682.930000 190.630000 685.790000 140.600000 174 156 138
435.240000 189.460000 405.850000 158.520000 48 170 217
799.420000 188.890000 822.280000 128.930000 211 193 173
799.420000 188.890000 822.280000 128.930000 211 193 173
402.900000 187.430000 372.210000 154.430000 63 174 222
402.900000 187.430000 372.210000 154.430000 63 174 222
608.290000 186.300000 599.430000 141.810000 193 188 170
462.390000 185.160000 435.750000 152.690000 60 153 204
613.050000 183.420000 604.510000 138.770000 190 183 161
878.040000 182.490000 917.950000 114.390000 211 201 196
470.850000 179.040000 444.200000 145.890000 106 204 248
456.000000 173.950000 429.250000 140.670000 73 156 205
408.440000 172.340000 377.210000 139.940000 138 222 254
376.230000 165.250000 341.070000 130.420000 83 163 208
620.020000 163.240000 612.450000 116.390000 154 152 140
369.450000 161.380000 335.090000 127.320000 119 222 253
857.490000 154.410000 891.420000 84.790000 199 179 164
905.670000 153.990000 948.940000 81.040000 54 44 29
677.140000 154.050000 677.840000 100.900000 156 140 126
712.990000 148.430000 720.280000 91.950000 176 166 152
1197.220000 144.110000 1188.330000 100.420000 35 33 40
664.710000 137.210000 662.880000 83.680000 201 186 167
643.280000 135.900000 638.350000 84.230000 213 195 177
581.590000 135.540000 567.050000 89.150000 50 49 51
557.170000 135.400000 538.790000 91.510000 164 153 139
584.370000 134.140000 570.300000 87.710000 199 200 202
666.450000 132.510000 664.580000 78.460000 207 192 175
584.960000 129.680000 571.060000 83.010000 87 85 82
925.110000 129.130000 965.410000 55.670000 152 137 128
641.450000 128.000000 635.160000 75.230000 213 197 180
896.580000 126.680000 938.490000 50.650000 215 199 187
569.260000 120.110000 552.160000 72.860000 153 145 135
707.760000 117.870000 712.960000 58.030000 207 196 186
839.590000 113.300000 869.730000 41.620000 178 170 160
573.520000 113.460000 555.960000 66.070000 143 139 128
677.880000 113.060000 677.630000 56.500000 206 188 170
774.090000 103.730000 789.510000 36.780000 113 114 116
757.970000 86.690000 770.860000 20.430000 118 113 99
558.520000 76.780000 538.140000 27.830000 167 157 153
