560.580000 567.890000 475.650000 567.790000 159 141 109
556.660000 433.810000 470.510000 413.560000 173 152 132
328.660000 304.410000 145.750000 237.850000 84 104 132
388.920000 512.390000 208.660000 502.460000 60 52 51
744.970000 323.740000 741.410000 287.270000 54 47 42
831.120000 276.410000 863.710000 236.900000 44 43 35
703.900000 530.470000 684.790000 518.620000 182 161 146
363.360000 481.840000 174.970000 466.340000 185 174 174
433.670000 442.410000 280.700000 421.130000 62 58 58
583.230000 411.990000 509.540000 384.500000 62 55 46
821.780000 407.550000 838.080000 383.630000 215 231 212
621.030000 388.650000 567.470000 356.200000 55 49 39
744.350000 360.880000 739.650000 323.770000 94 92 89
744.350000 360.880000 739.650000 323.770000 94 92 89
759.580000 341.440000 757.920000 307.840000 253 252 254
728.860000 355.020000 722.510000 321.030000 233 223 207
728.860000 355.020000 722.510000 321.030000 233 223 207
857.830000 285.780000 899.710000 247.600000 248 243 227
760.720000 103.370000 552.220000 195.480000 216 229 248
373.470000 566.070000 186.310000 567.730000 51 45 35
600.160000 554.230000 530.390000 548.670000 43 35 19
600.160000 554.230000 530.390000 548.670000 43 35 19
724.400000 483.080000 714.740000 464.980000 61 45 31
865.670000 420.230000 906.120000 392.570000 252 246 234
838.210000 413.140000 867.800000 387.560000 49 68 71
854.350000 265.300000 896.410000 222.560000 250 242 223
607.440000 250.650000 517.370000 223.810000 166 208 242
633.220000 226.170000 587.730000 174.290000 194 218 235
629.340000 215.010000 582.600000 160.510000 97 99 95
774.410000 102.340000 527.580000 226.320000 104 105 107
484.450000 580.060000 343.690000 583.320000 25 24 16
366.410000 556.820000 176.330000 556.400000 195 185 167
405.260000 548.210000 229.660000 545.280000 76 69 70
588.270000 487.510000 514.780000 469.160000 84 81 73
586.230000 437.480000 512.300000 414.200000 32 32 30
585.750000 427.260000 511.940000 402.200000 48 47 45
326.690000 403.830000 134.330000 363.810000 175 251 255
363.830000 385.900000 190.690000 343.150000 133 238 255
482.980000 377.400000 343.900000 351.120000 101 229 250
625.890000 296.490000 505.960000 292.950000 192 213 219
697.800000 293.890000 681.700000 249.870000 55 44 31
697.800000 293.890000 681.700000 249.870000 55 44 31
861.970000 272.480000 904.760000 232.440000 43 36 12
861.970000 272.480000 904.760000 232.440000 43 36 12
608.520000 248.130000 517.370000 223.810000 183 207 240
402.440000 583.380000 235.000000 587.750000 83 84 51
605.590000 490.320000 540.490000 474.270000 250 245 229
341.180000 470.130000 137.130000 455.190000 102 101 128
609.620000 415.380000 547.000000 388.180000 41 39 36
468.830000 394.040000 320.610000 371.830000 117 191 204
618.730000 297.670000 562.660000 256.270000 89 95 93
710.190000 286.530000 697.140000 243.150000 22 16 11
704.990000 282.040000 690.300000 237.300000 211 207 201
593.770000 273.310000 527.580000 226.320000 67 77 76
846.930000 256.370000 888.740000 212.250000 42 29 9
343.320000 229.400000 170.730000 144.570000 112 236 255
247.570000 224.950000 22.330000 112.430000 67 150 185
349.430000 219.010000 182.010000 136.120000 123 245 255
531.900000 195.580000 440.530000 135.390000 11 56 84
708.860000 193.130000 696.580000 138.180000 201 192 183
606.700000 173.050000 517.190000 141.240000 228 235 237
713.070000 129.490000 703.610000 70.200000 254 246 238
814.190000 17.910000 588.910000 147.110000 101 94 87
814.190000 17.910000 588.910000 147.110000 101 94 87
870.320000 659.920000 694.610000 643.750000 180 163 156
507.940000 577.100000 373.230000 579.140000 46 56 16
261.280000 575.870000 14.010000 582.760000 173 173 182
613.270000 549.730000 550.490000 545.330000 44 34 14
274.040000 514.120000 35.740000 505.740000 89 85 93
340.190000 510.730000 133.050000 503.600000 101 97 107
271.210000 509.040000 31.270000 499.380000 19 15 25
284.660000 481.580000 54.490000 465.190000 92 91 100
743.170000 455.170000 738.870000 432.910000 255 249 228
609.310000 423.640000 546.260000 399.660000 31 29 28
341.580000 418.900000 148.470000 383.440000 208 253 255
274.400000 417.510000 42.170000 386.000000 49 58 75
261.650000 412.650000 20.510000 377.030000 248 246 253
631.070000 411.870000 579.840000 383.970000 238 231 224
875.210000 405.820000 921.820000 376.990000 255 245 224
634.760000 390.660000 585.510000 359.550000 52 44 29
785.230000 342.620000 798.150000 306.890000 111 115 119
580.860000 333.610000 567.310000 260.580000 184 190 187
601.170000 313.520000 505.960000 292.950000 204 222 236
708.420000 275.370000 694.700000 229.760000 60 53 49
599.860000 273.320000 505.470000 248.510000 199 220 249
586.480000 268.290000 552.220000 195.480000 216 230 243
769.050000 254.120000 779.530000 209.230000 208 190 182
720.930000 215.360000 712.940000 163.920000 254 246 231
634.550000 197.390000 591.310000 140.960000 255 244 230
728.520000 187.310000 721.820000 136.000000 163 164 155
765.980000 117.300000 553.830000 210.790000 249 250 255
873.910000 101.190000 922.120000 47.760000 165 149 133
749.990000 83.700000 753.680000 22.370000 107 101 84
758.840000 75.020000 767.270000 13.280000 91 81 66
809.130000 47.770000 762.380000 38.680000 177 199 215
734.820000 28.650000 509.830000 155.780000 147 149 135
743.170000 10.470000 513.640000 148.060000 238 252 250
219.920000 622.980000 489.970000 169.940000 105 103 124
473.760000 584.690000 332.270000 588.150000 46 47 29
255.340000 578.840000 7.170000 586.610000 36 34 44
261.280000 575.740000 14.010000 582.760000 173 173 182
1083.370000 552.920000 1060.210000 550.920000 77 71 65
372.320000 552.830000 185.080000 551.920000 51 41 29
613.400000 549.670000 550.490000 545.330000 44 34 14
613.400000 549.670000 550.490000 545.330000 44 34 14
520.580000 541.340000 377.350000 538.770000 18 14 14
353.990000 540.580000 155.540000 539.240000 157 145 154
257.940000 535.990000 9.360000 532.550000 25 24 26
253.580000 534.670000 9.360000 532.550000 15 14 18
364.240000 531.270000 172.780000 527.040000 96 80 67
274.220000 531.290000 34.330000 526.750000 86 84 93
354.680000 530.480000 157.480000 526.750000 194 182 190
362.150000 526.650000 169.600000 521.220000 201 186 177
362.150000 526.650000 169.600000 521.220000 201 186 177
372.900000 515.250000 188.040000 507.460000 59 47 37
339.970000 510.630000 133.050000 503.600000 103 99 109
365.450000 503.040000 175.690000 492.410000 119 101 98
772.680000 492.260000 786.520000 473.160000 204 189 170
306.170000 482.370000 87.080000 467.130000 39 35 46
356.260000 480.980000 161.980000 468.250000 187 181 190
307.390000 477.680000 89.310000 461.180000 92 87 101
478.270000 469.310000 329.650000 458.960000 107 99 102
285.190000 455.030000 57.770000 430.980000 115 111 119
604.410000 424.620000 539.980000 398.530000 146 144 143
578.390000 424.690000 502.500000 399.580000 235 227 212
870.830000 422.470000 915.710000 396.210000 255 246 228
274.550000 417.510000 42.170000 386.000000 49 58 75
576.940000 406.990000 501.780000 378.980000 68 54 40
614.420000 405.370000 552.150000 377.000000 104 108 105
474.550000 391.230000 328.060000 369.010000 38 90 104
632.630000 382.360000 583.640000 349.930000 88 78 62
871.010000 378.830000 916.280000 349.590000 248 241 219
1262.830000 353.090000 530.830000 469.180000 17 14 19
718.970000 351.060000 707.010000 313.550000 192 183 172
575.780000 333.870000 564.400000 256.940000 60 60 55
739.780000 310.570000 738.020000 270.860000 233 220 198
619.990000 298.720000 564.400000 256.940000 58 60 60
634.800000 291.450000 515.780000 290.270000 206 226 233
846.350000 280.940000 880.560000 242.220000 45 36 27
872.350000 270.740000 918.830000 230.470000 44 33 1
867.650000 263.110000 911.930000 221.980000 251 241 215
324.730000 258.090000 139.270000 183.300000 90 196 235
598.350000 254.770000 533.120000 207.150000 177 207 232
702.020000 251.910000 686.930000 203.760000 237 231 234
845.400000 250.230000 889.370000 205.450000 247 233 206
746.100000 248.310000 745.440000 201.030000 137 127 104
606.670000 231.030000 517.180000 203.160000 104 97 82
726.040000 217.270000 718.550000 168.470000 135 131 111
250.870000 216.510000 25.790000 103.090000 137 241 255
729.390000 210.630000 724.300000 158.720000 187 187 173
1227.600000 164.900000 798.150000 306.890000 24 54 58
906.450000 163.620000 965.250000 116.410000 196 188 188
880.030000 162.710000 864.540000 148.450000 202 194 169
702.630000 126.400000 688.450000 66.300000 196 186 173
692.750000 126.080000 676.760000 63.770000 252 245 241
717.740000 116.940000 709.840000 56.490000 73 66 60
716.540000 106.120000 709.920000 43.120000 161 145 133
892.600000 101.520000 946.380000 50.010000 220 205 199
776.770000 100.220000 529.190000 224.950000 21 26 31
797.350000 86.530000 746.390000 77.080000 234 254 255
763.110000 69.890000 521.410000 199.170000 92 83 69
737.730000 24.520000 551.110000 119.110000 143 145 132
646.450000 24.670000 453.570000 119.830000 54 44 41
736.820000 19.230000 509.370000 151.390000 240 248 248
816.140000 14.520000 588.910000 147.110000 105 95 89
816.140000 14.520000 588.910000 147.110000 105 95 89
746.360000 14.440000 515.620000 150.680000 130 134 121
807.380000 9.670000 582.990000 141.570000 153 133 128
180.160000 669.810000 245.400000 384.360000 121 122 124
400.360000 594.330000 259.100000 621.200000 149 145 128
462.140000 580.780000 315.980000 584.100000 41 45 16
335.470000 580.500000 136.960000 586.520000 205 206 197
475.130000 580.000000 332.420000 582.980000 210 210 198
470.510000 579.460000 327.840000 581.810000 44 44 31
152.580000 577.480000 829.010000 392.870000 16 16 23
312.910000 563.520000 92.140000 567.400000 92 89 102
485.130000 543.740000 333.870000 542.740000 16 11 12
401.480000 530.850000 224.420000 526.050000 103 95 94
370.020000 519.120000 183.470000 511.650000 204 191 177
626.170000 515.200000 500.150000 514.110000 54 49 31
422.590000 505.110000 285.020000 490.000000 38 38 26
722.860000 502.710000 713.760000 486.830000 69 54 42
582.430000 497.890000 506.740000 483.460000 251 247 230
727.240000 496.740000 720.320000 479.450000 52 38 23
711.040000 496.250000 698.020000 478.870000 255 242 226
730.840000 496.210000 724.920000 478.780000 52 41 24
882.590000 494.420000 942.100000 484.130000 103 84 63
728.850000 492.990000 721.320000 475.060000 229 221 207
910.660000 490.310000 754.020000 489.210000 119 105 90
818.470000 482.610000 847.870000 462.510000 195 184 166
614.460000 480.480000 516.980000 471.960000 30 29 23
800.930000 471.950000 779.420000 458.170000 225 215 194
482.060000 467.020000 334.080000 455.160000 43 37 40
265.000000 465.340000 24.330000 442.020000 125 124 134
853.240000 464.220000 750.450000 466.430000 104 95 74
259.220000 460.380000 16.440000 435.910000 134 131 134
781.050000 449.270000 769.320000 430.660000 114 103 79
929.640000 448.310000 970.990000 427.850000 91 82 63
916.190000 447.530000 937.260000 429.990000 248 237 211
934.700000 447.220000 937.310000 433.670000 97 87 71
939.820000 446.190000 964.390000 429.040000 98 89 74
725.680000 434.840000 715.140000 409.800000 210 200 184
802.420000 433.930000 821.530000 408.420000 105 99 88
802.420000 433.930000 821.530000 408.420000 105 99 88
801.500000 428.160000 819.930000 402.340000 88 82 72
748.450000 420.600000 745.880000 394.870000 50 50 38
591.160000 416.980000 518.100000 390.180000 98 95 95
627.820000 409.760000 575.900000 381.460000 71 67 69
611.650000 402.970000 549.390000 374.490000 38 38 36
578.790000 402.290000 502.280000 374.450000 205 194 176
627.300000 394.940000 575.110000 363.910000 50 47 42
617.590000 379.770000 566.010000 345.350000 213 200 179
627.250000 374.720000 577.210000 340.540000 205 190 168
749.200000 359.770000 745.700000 326.540000 32 36 39
866.900000 358.370000 911.610000 327.130000 239 230 213
770.030000 350.790000 854.290000 288.610000 50 60 59
732.970000 345.310000 727.750000 308.890000 181 175 171
732.970000 345.310000 727.750000 308.890000 181 175 171
722.840000 345.140000 713.830000 309.530000 216 206 192
566.520000 339.270000 487.820000 301.370000 255 245 226
724.320000 337.760000 717.020000 298.840000 238 230 215
801.800000 335.560000 745.700000 326.540000 34 42 42
752.470000 329.460000 748.300000 294.240000 21 21 43
731.810000 327.920000 726.030000 289.670000 109 102 103
770.350000 323.850000 779.470000 285.510000 134 146 200
622.150000 302.000000 501.230000 299.700000 247 242 236
863.250000 301.430000 907.000000 263.320000 245 236 213
820.880000 298.030000 779.470000 285.510000 155 179 219
291.930000 291.460000 87.520000 217.640000 138 244 253
679.780000 290.950000 746.850000 200.010000 178 157 137
844.310000 290.430000 794.130000 285.190000 126 145 170
639.530000 288.300000 595.090000 243.180000 223 234 228
852.870000 282.280000 892.600000 243.940000 232 228 212
852.870000 282.280000 892.600000 243.940000 232 228 212
728.570000 280.100000 845.260000 176.570000 204 193 181
855.210000 279.120000 895.740000 239.130000 80 72 53
308.280000 277.280000 116.620000 199.240000 152 221 254
441.410000 275.350000 305.900000 227.140000 18 73 116
579.520000 263.380000 579.060000 161.120000 119 115 102
984.930000 261.620000 1010.410000 240.290000 84 72 67
610.730000 260.430000 520.890000 233.770000 193 220 231
588.740000 249.410000 521.410000 199.170000 120 114 96
354.400000 246.560000 186.060000 171.600000 37 118 159
640.620000 241.110000 598.250000 190.200000 152 146 140
607.800000 239.870000 518.260000 212.440000 56 57 48
625.900000 238.360000 539.640000 213.660000 209 239 254
621.050000 231.520000 532.750000 206.930000 199 220 242
607.070000 230.360000 550.320000 177.240000 104 96 81
804.660000 229.990000 827.010000 184.440000 158 147 135
565.750000 224.320000 489.970000 169.940000 238 228 214
654.500000 222.380000 618.720000 170.010000 160 141 126
608.940000 218.980000 505.080000 202.940000 161 146 132
628.380000 214.000000 579.060000 161.120000 116 118 105
614.310000 213.070000 576.970000 146.400000 146 133 120
842.870000 202.040000 881.430000 154.300000 26 17 8
632.310000 193.610000 588.060000 137.780000 165 149 135
604.540000 177.160000 513.640000 148.060000 235 247 247
888.120000 176.620000 804.940000 195.950000 215 206 195
868.890000 167.570000 899.040000 127.270000 147 134 111
554.610000 160.050000 453.570000 119.830000 55 43 41
627.450000 149.910000 513.640000 148.060000 249 247 244
843.350000 147.480000 880.890000 96.650000 216 199 180
730.280000 144.680000 529.190000 224.950000 56 49 48
842.100000 139.800000 879.110000 88.000000 230 214 200
708.040000 132.530000 696.960000 72.970000 133 123 109
835.130000 130.120000 870.170000 77.150000 251 245 240
846.110000 124.700000 885.000000 71.370000 215 201 186
721.110000 121.160000 713.770000 62.660000 163 159 159
675.520000 115.430000 650.780000 52.730000 159 140 125
711.700000 111.300000 702.930000 49.800000 163 151 143
893.450000 109.270000 947.860000 58.710000 216 199 192
847.380000 104.770000 885.790000 50.980000 151 137 123
847.380000 104.770000 885.790000 50.980000 151 137 123
780.420000 101.690000 566.570000 202.010000 206 225 233
870.220000 97.020000 917.380000 43.770000 189 173 157
876.830000 96.030000 925.950000 42.670000 203 187 171
623.370000 87.930000 575.290000 20.070000 33 29 37
632.800000 86.550000 590.310000 18.680000 180 167 171
890.200000 85.630000 943.620000 33.220000 211 193 190
627.070000 82.910000 582.790000 12.870000 33 24 29
858.290000 82.280000 901.470000 27.070000 239 220 207
853.530000 77.920000 895.760000 22.070000 218 199 186
888.360000 77.610000 941.830000 24.010000 216 199 190
729.890000 32.930000 505.970000 158.870000 162 161 153
922.280000 742.360000 629.630000 685.550000 67 49 31
468.000000 603.850000 337.840000 610.250000 145 171 83
484.880000 588.030000 351.760000 591.910000 164 168 155
969.190000 578.700000 1050.130000 577.930000 202 182 177
509.170000 577.990000 374.070000 580.460000 49 58 22
525.080000 570.440000 389.000000 572.380000 241 242 233
781.440000 565.890000 794.330000 566.800000 74 54 45
462.120000 561.910000 316.540000 561.730000 112 106 100
455.400000 557.990000 307.550000 558.540000 47 41 34
371.800000 558.050000 183.770000 558.970000 66 58 43
460.030000 556.070000 313.270000 554.800000 41 35 28
374.610000 556.040000 186.930000 556.590000 111 105 96
339.490000 553.500000 129.070000 555.510000 66 66 78
229.990000 552.930000 1142.260000 404.080000 34 33 35
598.020000 547.340000 822.300000 549.470000 209 199 176
612.540000 545.960000 550.950000 539.020000 177 167 146
930.260000 545.260000 903.890000 536.070000 124 100 81
460.090000 544.540000 314.090000 542.520000 42 35 28
1034.580000 524.140000 906.040000 525.430000 45 33 23
662.370000 511.240000 628.340000 497.060000 188 181 157
657.080000 509.400000 562.540000 504.490000 56 51 31
341.330000 507.120000 134.190000 499.010000 32 28 38
699.950000 504.590000 631.800000 496.850000 168 150 134
712.260000 502.420000 697.890000 486.440000 184 165 151
690.320000 495.070000 628.810000 484.800000 253 246 231
690.320000 495.070000 628.810000 484.800000 253 246 231
821.280000 494.390000 800.070000 487.580000 126 110 94
411.820000 494.080000 246.210000 481.630000 100 93 86
230.560000 488.040000 584.680000 944.980000 65 65 75
722.320000 486.230000 711.770000 467.740000 67 49 36
738.050000 485.080000 622.340000 485.880000 254 246 232
600.670000 484.480000 530.830000 469.180000 32 32 32
842.570000 482.040000 837.120000 467.740000 120 102 86
719.060000 480.170000 708.220000 460.940000 202 190 180
856.650000 479.280000 837.120000 467.740000 110 100 76
873.710000 474.010000 854.660000 463.100000 204 194 177
339.940000 472.510000 134.790000 458.080000 110 107 126
523.360000 464.090000 384.570000 455.360000 108 100 105
835.910000 461.870000 866.320000 439.700000 160 140 121
520.940000 457.560000 381.470000 446.440000 51 42 47
831.490000 455.480000 862.450000 431.820000 212 193 172
465.200000 453.850000 325.740000 435.390000 140 133 128
275.640000 452.240000 41.390000 427.250000 66 64 71
847.940000 450.010000 885.710000 426.360000 142 118 99
847.940000 450.010000 885.710000 426.360000 142 118 99
834.500000 450.170000 866.210000 426.690000 215 197 176
833.760000 447.690000 865.410000 423.410000 210 192 171
814.290000 446.650000 838.870000 422.480000 218 205 182
894.210000 444.240000 862.020000 435.240000 117 96 73
873.190000 440.030000 917.380000 415.020000 124 104 85
873.190000 440.030000 917.380000 415.020000 124 104 85
870.540000 438.340000 914.050000 413.310000 210 191 171
830.970000 438.380000 789.390000 428.820000 206 195 177
832.410000 435.900000 880.740000 406.760000 147 139 124
591.980000 434.880000 518.540000 411.120000 83 84 88
890.290000 433.700000 942.120000 408.230000 197 170 145
590.280000 430.660000 516.480000 407.040000 140 141 145
588.910000 428.360000 515.720000 404.250000 19 20 22
870.060000 426.270000 912.590000 400.320000 139 125 108
945.660000 424.850000 1013.660000 398.860000 188 172 160
893.230000 422.430000 944.550000 396.030000 192 165 142
617.980000 420.700000 559.920000 393.860000 72 77 82
612.530000 420.360000 516.480000 407.040000 152 153 155
612.530000 420.360000 516.480000 407.040000 152 153 155
611.860000 417.560000 515.720000 404.250000 29 29 28
628.410000 415.950000 575.640000 388.590000 64 60 58
642.920000 415.770000 597.660000 388.420000 202 184 166
616.300000 415.870000 555.830000 389.150000 59 62 63
620.060000 413.820000 563.500000 386.310000 62 62 63
716.640000 406.830000 704.730000 377.650000 82 79 83
604.110000 401.930000 540.370000 372.910000 129 128 120
604.110000 401.930000 540.370000 372.910000 129 128 120
938.710000 398.030000 1005.090000 369.220000 131 112 101
911.870000 395.880000 969.280000 366.880000 147 125 99
637.540000 394.000000 589.620000 363.460000 185 174 158
877.730000 391.350000 923.620000 362.130000 144 129 110
514.800000 382.580000 376.810000 365.910000 137 236 251
887.940000 381.540000 938.280000 351.190000 211 188 164
625.860000 378.540000 574.820000 345.710000 87 72 51
621.500000 377.550000 570.040000 343.590000 220 205 183
895.300000 376.140000 948.470000 345.250000 138 118 95
905.050000 374.520000 960.570000 344.100000 213 196 172
901.240000 374.050000 955.310000 343.480000 119 101 77
890.190000 372.740000 941.210000 341.620000 147 128 104
916.550000 371.740000 976.120000 340.890000 193 174 148
584.790000 364.130000 458.410000 358.760000 197 186 168
581.610000 363.240000 450.850000 360.030000 155 144 126
900.590000 361.400000 955.230000 329.490000 215 193 168
751.920000 361.130000 749.020000 328.460000 142 152 161
896.940000 360.660000 950.920000 328.520000 154 131 107
750.170000 356.450000 820.390000 296.960000 186 191 198
914.760000 356.070000 973.860000 324.070000 235 213 188
932.860000 353.150000 997.900000 320.850000 102 92 76
727.990000 347.250000 719.610000 311.360000 196 190 180
922.990000 344.600000 985.270000 311.360000 196 178 156
730.910000 342.830000 725.260000 306.290000 57 51 45
789.660000 339.650000 804.370000 305.020000 224 221 224
932.850000 335.480000 998.370000 301.930000 190 169 161
752.580000 335.590000 749.330000 301.280000 129 141 178
803.150000 331.810000 820.390000 296.960000 171 176 174
583.780000 332.240000 728.230000 167.350000 192 203 198
818.470000 330.530000 764.560000 322.410000 140 161 183
822.850000 328.670000 769.330000 321.020000 142 154 173
735.230000 327.670000 730.160000 290.090000 33 26 27
876.770000 325.220000 978.040000 271.060000 231 212 191
564.180000 324.190000 485.870000 285.690000 163 152 139
723.500000 324.240000 716.040000 286.120000 248 240 226
828.580000 323.570000 854.290000 288.610000 61 73 78
841.740000 317.220000 788.500000 311.380000 52 66 71
769.890000 317.120000 773.080000 280.780000 106 104 101
736.010000 313.310000 730.750000 274.320000 252 239 218
806.330000 308.920000 749.330000 301.280000 133 152 183
614.320000 308.740000 523.500000 287.300000 223 227 219
810.260000 295.850000 784.760000 276.080000 99 98 100
921.440000 294.610000 982.310000 257.810000 203 190 170
714.100000 289.090000 701.660000 246.570000 209 199 193
698.110000 286.530000 682.970000 241.290000 211 200 182
835.330000 282.980000 784.760000 276.080000 99 98 92
588.510000 280.630000 520.890000 233.770000 186 201 201
857.240000 274.660000 898.780000 234.470000 231 223 204
846.190000 274.380000 881.270000 234.440000 48 42 26
563.140000 274.020000 485.520000 226.320000 164 154 141
568.180000 271.080000 491.670000 222.650000 89 83 73
868.200000 270.290000 912.560000 230.120000 138 128 95
601.920000 267.900000 508.520000 242.640000 140 172 204
601.920000 267.900000 508.520000 242.640000 140 172 204
870.290000 266.630000 915.520000 226.230000 107 94 60
873.710000 261.940000 919.740000 221.410000 210 193 170
865.020000 260.450000 908.980000 219.140000 97 83 66
609.230000 256.990000 551.520000 208.370000 114 146 160
587.990000 253.480000 554.150000 179.070000 173 168 153
585.440000 252.540000 550.320000 177.240000 127 121 106
621.460000 249.700000 503.170000 246.580000 182 202 222
643.230000 248.890000 705.060000 132.080000 184 176 161
625.930000 245.100000 508.520000 242.640000 196 226 236
617.970000 242.890000 529.340000 218.440000 33 38 51
898.010000 242.470000 953.440000 200.490000 138 122 98
624.780000 242.400000 538.510000 217.660000 116 139 164
354.550000 242.400000 186.210000 166.130000 52 133 174
552.050000 240.800000 469.230000 188.010000 200 186 173
631.480000 239.990000 513.880000 238.650000 159 191 212
607.400000 229.250000 550.320000 177.240000 112 103 89
357.580000 229.090000 190.700000 151.620000 81 142 196
720.050000 220.580000 711.630000 170.410000 145 137 122
825.110000 216.980000 856.470000 170.340000 160 148 143
418.530000 205.720000 270.430000 157.760000 137 212 253
535.150000 199.670000 445.160000 140.280000 167 162 178
532.640000 199.440000 441.850000 140.020000 53 80 111
532.640000 199.440000 441.850000 140.020000 53 80 111
562.000000 190.600000 485.960000 129.610000 142 130 126
650.440000 168.650000 614.580000 110.210000 198 179 164
559.700000 168.120000 484.050000 104.470000 150 140 144
614.480000 162.390000 527.470000 133.330000 33 37 31
643.280000 135.900000 604.600000 73.490000 213 195 177
743.460000 132.170000 811.370000 27.470000 136 139 141
668.460000 129.750000 640.270000 67.660000 167 151 135
896.580000 126.680000 951.800000 76.670000 215 199 187
612.600000 117.150000 498.890000 111.510000 210 209 213
672.730000 114.990000 647.030000 51.800000 211 192 180
764.250000 112.450000 551.520000 208.370000 128 130 139
728.580000 104.510000 740.020000 32.190000 125 115 99
777.640000 96.520000 564.530000 196.680000 207 217 221
892.890000 67.780000 694.620000 160.170000 153 140 136
816.700000 66.460000 809.560000 32.440000 153 177 194
813.410000 41.370000 762.380000 38.680000 159 168 172
