321.990000 456.870000 327.200000 481.400000 61 55 45
321.990000 456.870000 327.200000 481.400000 61 55 45
241.120000 383.400000 226.390000 418.990000 40 37 39
447.790000 549.830000 475.650000 567.790000 166 149 125
519.330000 401.260000 542.120000 415.570000 127 124 127
336.640000 256.910000 318.230000 281.660000 72 79 105
582.210000 70.950000 548.050000 85.840000 255 254 255
455.300000 396.330000 470.510000 413.560000 157 136 119
223.920000 396.700000 212.630000 428.000000 66 59 60
1087.900000 374.730000 1093.690000 353.030000 32 26 35
1021.740000 375.420000 1055.410000 350.950000 66 63 55
168.890000 206.180000 145.750000 237.850000 86 93 123
940.650000 55.760000 969.410000 31.520000 56 44 45
703.380000 580.930000 769.200000 580.800000 135 113 83
217.840000 466.320000 208.660000 502.460000 42 35 36
1211.110000 440.930000 1195.400000 410.500000 86 73 68
405.510000 368.490000 406.450000 391.750000 45 36 41
405.510000 368.490000 406.450000 391.750000 45 36 41
359.300000 328.780000 351.660000 355.690000 99 191 239
139.800000 245.300000 114.700000 280.140000 98 185 224
56.690000 353.420000 31.170000 397.600000 49 44 60
170.050000 295.010000 153.070000 325.800000 57 78 111
816.290000 254.280000 863.710000 236.900000 43 36 39
636.820000 231.840000 652.850000 234.360000 191 172 158
243.930000 224.330000 229.290000 249.600000 73 72 99
327.540000 543.550000 332.810000 573.630000 41 37 36
1171.310000 448.530000 1156.090000 421.310000 143 181 208
1171.310000 448.530000 1156.090000 421.310000 143 181 208
188.850000 430.070000 174.970000 466.340000 143 136 131
1186.660000 402.880000 1169.690000 375.130000 92 177 224
373.260000 362.390000 363.600000 386.350000 61 52 57
322.610000 358.980000 316.280000 388.910000 47 44 47
707.920000 292.870000 741.410000 287.270000 40 36 36
121.530000 205.490000 89.900000 237.580000 117 140 176
121.530000 205.490000 89.900000 237.580000 117 140 176
833.420000 73.740000 863.000000 53.540000 219 213 208
1133.760000 669.150000 1213.420000 639.920000 37 29 36
800.950000 548.640000 874.740000 540.260000 212 186 157
716.270000 520.420000 777.210000 518.250000 134 118 90
289.200000 393.180000 280.700000 421.130000 45 42 45
289.200000 393.180000 280.700000 421.130000 45 42 45
543.930000 351.430000 567.470000 356.200000 50 39 35
720.310000 315.030000 757.920000 307.840000 243 243 250
747.990000 305.890000 790.230000 295.570000 245 254 255
535.590000 259.230000 545.720000 265.760000 150 178 197
1170.550000 567.690000 1172.190000 537.840000 244 241 242
734.960000 530.140000 796.450000 524.860000 40 28 28
833.720000 424.440000 895.770000 413.470000 113 103 76
786.710000 394.420000 838.080000 383.630000 187 213 213
216.990000 333.890000 198.500000 370.760000 65 69 86
701.090000 329.760000 739.650000 323.770000 100 96 94
701.090000 329.760000 739.650000 323.770000 100 96 94
151.650000 328.270000 134.330000 363.810000 117 209 240
685.220000 325.700000 722.510000 321.030000 200 195 177
685.220000 325.700000 722.510000 321.030000 200 195 177
719.620000 315.250000 757.920000 307.840000 241 243 249
282.260000 202.890000 263.670000 227.990000 83 184 222
169.980000 177.490000 145.480000 209.260000 59 79 115
514.440000 133.880000 511.260000 139.100000 122 143 160
690.060000 86.120000 704.990000 79.730000 224 215 211
690.060000 86.120000 704.990000 79.730000 224 215 211
707.890000 67.640000 720.620000 58.400000 76 73 68
535.200000 770.850000 671.380000 800.170000 207 201 187
535.200000 770.850000 671.380000 800.170000 207 201 187
539.090000 667.900000 610.750000 685.980000 115 96 75
274.600000 571.430000 290.910000 603.790000 233 236 216
274.600000 571.430000 290.910000 603.790000 233 236 216
1190.010000 569.300000 1188.880000 538.030000 249 245 253
166.980000 544.950000 167.770000 585.570000 71 66 56
720.670000 539.980000 784.300000 537.590000 190 172 145
132.010000 538.530000 124.370000 581.100000 108 111 94
1230.280000 520.220000 1221.970000 487.470000 37 29 30
340.630000 507.010000 338.640000 534.530000 23 19 21
491.340000 455.010000 514.780000 469.160000 75 69 62
943.050000 413.320000 1016.860000 389.790000 67 51 47
771.480000 408.000000 826.530000 399.210000 53 54 45
843.140000 408.370000 906.120000 392.570000 252 243 225
1207.690000 390.700000 1191.050000 361.750000 104 144 192
215.020000 378.830000 201.960000 411.620000 54 52 54
400.580000 335.710000 385.280000 359.520000 78 178 221
280.440000 332.900000 266.060000 358.140000 103 175 222
353.420000 329.730000 343.900000 351.120000 88 190 239
167.030000 294.970000 153.240000 328.320000 69 90 121
368.600000 267.620000 356.530000 288.690000 96 107 133
848.530000 265.630000 899.710000 247.600000 220 215 190
236.560000 197.880000 216.670000 224.970000 100 155 194
578.130000 173.400000 587.730000 174.290000 189 212 239
717.640000 163.450000 738.390000 157.100000 190 216 218
1015.220000 143.190000 1021.120000 121.520000 49 41 40
97.390000 124.210000 67.720000 156.230000 107 192 236
69.670000 107.660000 35.780000 139.440000 124 224 254
719.170000 77.990000 733.990000 67.480000 148 170 197
767.270000 57.560000 786.450000 43.010000 63 67 66
888.440000 667.570000 1016.410000 658.220000 141 121 107
1214.590000 567.720000 1213.760000 534.830000 244 236 237
1240.100000 556.490000 1235.130000 522.240000 36 30 25
336.020000 554.110000 343.690000 583.320000 30 27 22
498.550000 532.650000 530.390000 548.670000 38 27 13
498.550000 532.650000 530.390000 548.670000 38 27 13
1257.650000 525.620000 1248.780000 489.620000 118 111 107
184.180000 517.240000 176.330000 556.400000 160 150 136
490.860000 456.440000 514.780000 469.160000 64 58 48
1238.280000 436.040000 1222.130000 403.830000 106 96 90
757.060000 422.780000 813.950000 413.610000 253 247 237
493.040000 402.750000 512.300000 414.200000 25 24 26
493.910000 390.200000 511.940000 402.200000 28 26 27
1036.580000 378.360000 1063.690000 353.520000 144 144 130
85.370000 375.190000 59.430000 418.810000 23 24 90
228.710000 304.390000 214.120000 334.480000 64 70 82
831.480000 295.920000 880.770000 280.070000 38 39 25
856.240000 289.990000 910.160000 270.500000 164 153 137
239.980000 285.800000 223.420000 316.690000 65 76 91
239.980000 285.800000 223.420000 316.690000 65 76 91
194.310000 245.880000 175.820000 277.200000 72 78 102
847.770000 241.980000 896.410000 222.560000 239 230 220
181.060000 233.740000 158.540000 263.960000 60 68 80
511.160000 218.040000 517.370000 223.810000 167 204 231
531.980000 203.520000 536.810000 209.870000 159 191 220
326.330000 190.530000 307.310000 212.550000 124 192 243
563.850000 182.380000 571.970000 185.180000 178 201 220
208.120000 181.470000 182.640000 208.580000 112 191 233
64.320000 177.180000 37.290000 214.090000 109 219 254
170.250000 141.420000 143.470000 172.240000 109 218 255
170.250000 141.420000 143.470000 172.240000 109 218 255
293.160000 125.500000 269.190000 149.370000 108 171 221
209.810000 110.180000 182.010000 136.120000 108 188 233
833.840000 100.880000 865.230000 80.740000 239 234 220
833.840000 100.880000 865.230000 80.740000 239 234 220
292.010000 92.560000 267.500000 115.020000 87 183 229
56.770000 80.640000 22.330000 112.430000 67 128 179
601.690000 687.480000 686.550000 701.000000 20 13 1
479.070000 628.010000 528.440000 645.420000 157 139 127
400.300000 591.260000 432.710000 616.180000 23 16 11
721.920000 583.350000 789.110000 582.420000 222 197 183
1250.000000 555.000000 1244.190000 520.890000 92 92 92
159.740000 555.370000 160.100000 596.200000 120 117 113
230.810000 551.700000 235.000000 587.750000 92 96 67
232.640000 542.530000 236.490000 577.890000 82 81 72
405.520000 542.070000 429.000000 566.030000 37 28 33
214.220000 539.690000 216.290000 577.490000 114 116 106
200.610000 539.130000 200.460000 575.760000 138 144 128
159.400000 538.830000 157.250000 579.920000 61 58 56
1250.930000 537.360000 1243.050000 502.820000 25 18 14
786.940000 523.890000 857.480000 515.350000 31 21 10
1241.290000 496.590000 1229.910000 462.770000 204 205 198
1206.700000 482.340000 1197.460000 452.250000 132 115 105
189.890000 480.640000 180.070000 518.460000 169 153 137
1183.170000 478.740000 1168.750000 449.170000 129 157 170
901.560000 463.770000 979.110000 444.550000 152 144 129
512.630000 462.150000 540.490000 474.270000 250 246 230
56.450000 457.910000 35.740000 505.740000 70 67 80
546.500000 456.540000 578.390000 465.930000 254 250 244
1034.930000 446.650000 1073.620000 420.540000 34 28 22
687.840000 422.790000 734.090000 418.450000 228 217 199
733.760000 417.690000 783.370000 411.610000 60 68 75
1193.000000 414.520000 1177.120000 384.890000 80 158 194
390.200000 401.070000 381.510000 422.620000 80 80 100
837.060000 399.680000 898.800000 384.190000 66 76 59
667.090000 387.770000 707.970000 385.270000 46 42 40
526.110000 379.330000 547.000000 388.180000 47 40 41
168.500000 349.680000 148.470000 383.440000 90 171 217
385.600000 347.210000 373.520000 369.500000 101 188 215
369.280000 336.890000 358.800000 360.240000 102 191 228
128.860000 314.440000 108.230000 351.460000 123 177 213
228.840000 288.470000 214.030000 318.940000 157 175 192
497.730000 284.110000 505.960000 292.950000 174 177 185
206.480000 281.950000 190.970000 311.780000 125 162 190
509.970000 278.510000 520.240000 285.990000 155 170 174
324.460000 277.900000 312.180000 301.280000 60 65 66
204.990000 260.620000 187.580000 291.280000 35 60 72
855.130000 251.740000 904.760000 232.440000 26 21 2
855.130000 251.740000 904.760000 232.440000 26 21 2
550.530000 250.040000 562.660000 256.270000 82 88 79
550.530000 250.040000 562.660000 256.270000 82 88 79
542.230000 249.490000 554.340000 253.290000 168 190 197
669.880000 247.840000 697.140000 243.150000 24 23 19
527.870000 243.980000 536.430000 249.580000 213 236 254
540.950000 236.620000 551.880000 240.630000 207 236 249
676.220000 235.520000 702.750000 230.440000 167 161 147
560.830000 223.740000 570.920000 227.000000 220 240 254
529.560000 221.770000 536.310000 228.890000 150 177 206
521.600000 221.530000 527.580000 226.320000 62 68 77
543.980000 213.220000 552.390000 217.740000 159 185 196
678.010000 146.650000 696.580000 138.180000 195 183 173
758.470000 143.750000 785.820000 130.550000 239 246 240
758.470000 143.750000 785.820000 130.550000 239 246 240
535.620000 121.460000 532.520000 128.280000 236 237 243
197.040000 119.560000 170.730000 144.570000 110 189 242
776.590000 95.240000 798.760000 80.560000 220 249 254
689.840000 78.990000 703.610000 70.200000 231 221 216
757.510000 32.260000 773.660000 17.580000 235 232 227
925.590000 726.110000 1065.660000 716.280000 151 137 130
925.590000 726.110000 1065.660000 716.280000 151 137 130
649.780000 682.050000 733.820000 691.180000 85 74 60
561.560000 664.470000 632.260000 680.710000 44 29 10
729.510000 640.520000 802.550000 641.680000 246 233 213
264.710000 588.000000 283.920000 623.030000 123 140 74
226.610000 583.130000 243.050000 620.820000 228 229 219
1254.980000 566.390000 1252.790000 530.260000 226 230 217
363.610000 553.260000 373.230000 579.140000 29 33 4
1247.520000 546.400000 1240.590000 512.300000 104 98 101
775.110000 531.030000 840.340000 524.460000 69 66 59
123.560000 531.510000 114.150000 575.070000 14 14 4
516.500000 529.820000 550.490000 545.330000 19 10 0
516.500000 529.820000 550.490000 545.330000 19 10 0
164.960000 520.900000 155.630000 559.580000 153 147 146
662.460000 519.040000 716.180000 519.530000 55 44 44
159.540000 510.500000 148.990000 551.550000 16 10 22
1234.100000 497.680000 1223.640000 465.870000 36 35 27
1239.930000 489.220000 1228.160000 456.560000 183 180 174
169.240000 487.550000 157.480000 526.750000 154 149 153
1232.560000 483.150000 1221.240000 450.710000 18 13 5
506.370000 456.120000 531.110000 470.030000 26 24 21
188.320000 454.770000 175.890000 492.020000 100 94 82
59.250000 445.870000 37.880000 495.020000 66 65 78
1185.670000 439.950000 1168.950000 413.050000 43 50 80
177.550000 428.940000 161.980000 468.250000 144 140 150
1185.680000 419.070000 1168.930000 389.760000 22 60 103
156.280000 415.680000 137.130000 455.190000 106 100 122
133.480000 412.780000 114.650000 453.290000 92 90 99
660.440000 403.940000 702.280000 402.750000 167 166 167
150.750000 398.210000 131.480000 438.520000 10 40 63
1059.840000 396.500000 1079.870000 371.390000 34 29 29
554.650000 378.190000 579.840000 383.970000 196 192 184
1042.760000 370.610000 1068.110000 346.420000 50 46 44
561.670000 354.000000 585.510000 359.550000 35 24 14
91.540000 353.210000 64.610000 395.980000 13 64 105
91.540000 353.210000 64.610000 395.980000 13 64 105
112.890000 330.310000 94.850000 370.100000 149 174 207
683.130000 311.140000 718.040000 306.190000 33 27 15
88.700000 308.870000 67.580000 347.480000 50 64 87
580.770000 295.080000 603.180000 297.180000 162 142 140
504.990000 289.240000 505.720000 301.060000 133 129 109
954.990000 266.240000 1004.350000 243.830000 42 30 25
954.690000 254.420000 1002.240000 229.790000 45 33 29
209.420000 254.460000 190.740000 284.610000 119 154 195
663.760000 242.070000 690.300000 237.300000 188 185 180
857.220000 236.510000 905.920000 217.200000 65 57 43
668.650000 233.900000 694.700000 229.760000 35 34 38
841.050000 231.940000 888.740000 212.250000 44 31 14
44.770000 221.990000 15.630000 262.470000 128 207 250
529.370000 221.880000 536.310000 228.890000 150 177 206
328.720000 215.040000 312.500000 237.000000 46 67 106
636.200000 213.820000 656.110000 210.680000 201 182 171
268.190000 197.420000 245.240000 223.670000 56 116 157
675.620000 197.050000 698.680000 191.630000 193 180 173
545.490000 191.200000 552.220000 195.480000 176 184 208
545.490000 191.200000 552.220000 195.480000 176 184 208
554.030000 187.230000 560.800000 190.570000 59 65 70
863.510000 186.640000 907.690000 165.200000 185 166 149
288.360000 186.320000 266.970000 211.910000 132 194 249
288.360000 186.320000 266.970000 211.910000 132 194 249
690.390000 171.660000 712.940000 163.920000 246 240 230
334.660000 167.430000 316.610000 187.960000 126 183 231
423.590000 167.400000 406.110000 183.410000 65 89 124
519.460000 135.860000 517.190000 141.240000 204 216 216
385.830000 128.410000 365.940000 144.200000 125 179 229
385.830000 128.410000 365.940000 144.200000 125 179 229
450.760000 124.240000 440.530000 135.390000 12 55 84
368.390000 109.130000 345.290000 126.160000 109 180 233
494.920000 93.930000 487.540000 101.230000 201 198 203
494.920000 93.930000 487.540000 101.230000 201 198 203
1013.850000 74.400000 1011.510000 56.290000 61 58 51
925.580000 73.940000 960.580000 47.430000 99 85 92
707.430000 72.370000 721.020000 61.950000 26 23 28
774.190000 34.230000 791.140000 19.750000 134 146 168
768.120000 30.860000 784.410000 16.230000 18 14 26
751.200000 27.600000 767.270000 13.280000 89 79 66
517.260000 25.460000 504.980000 32.300000 243 250 250
429.400000 786.980000 559.200000 829.220000 94 80 67
429.400000 786.980000 559.200000 829.220000 94 80 67
522.840000 777.470000 655.090000 807.860000 218 214 198
529.670000 776.110000 655.090000 807.860000 216 210 196
540.840000 771.990000 671.380000 800.170000 223 217 202
540.840000 771.990000 671.380000 800.170000 223 217 202
933.050000 760.840000 1084.940000 752.730000 118 106 94
619.090000 748.810000 735.920000 766.910000 123 102 85
619.090000 748.810000 735.920000 766.910000 123 102 85
858.640000 738.850000 988.330000 734.850000 135 125 120
769.150000 693.250000 863.640000 693.160000 46 28 9
605.570000 685.030000 689.710000 698.150000 11 5 0
523.750000 681.810000 600.800000 702.150000 172 153 135
6.840000 662.860000 20.470000 727.940000 60 62 71
879.820000 644.050000 909.840000 628.990000 25 15 7
766.910000 640.660000 856.680000 639.000000 250 249 240
747.320000 639.020000 844.980000 638.450000 255 250 243
852.250000 623.730000 955.670000 612.980000 41 29 20
830.370000 618.570000 932.210000 609.890000 184 165 150
796.100000 585.930000 872.340000 579.130000 180 167 143
268.910000 576.650000 285.690000 610.730000 232 233 222
1270.650000 574.690000 1269.060000 537.940000 162 167 175
1253.810000 572.680000 1253.030000 537.140000 67 64 53
1253.810000 572.680000 1253.030000 537.140000 67 64 53
187.590000 573.020000 195.070000 612.410000 56 56 73
263.730000 572.040000 280.280000 607.580000 42 43 32
263.730000 572.040000 280.280000 607.580000 42 43 32
1233.990000 565.640000 1230.730000 530.380000 128 118 102
264.860000 562.950000 280.380000 598.070000 30 40 2
264.860000 562.950000 280.380000 598.070000 30 40 2
1163.640000 560.340000 1163.110000 531.480000 79 73 66
324.680000 558.470000 332.270000 588.150000 53 53 37
1249.790000 557.750000 1244.190000 520.890000 109 109 105
147.350000 557.180000 147.790000 599.840000 203 200 217
374.540000 551.830000 382.760000 577.780000 66 67 45
1254.450000 547.640000 1247.310000 513.080000 42 34 35
662.180000 546.750000 718.730000 552.140000 65 48 49
1228.010000 543.870000 1222.090000 510.860000 123 112 110
1267.390000 539.070000 1260.700000 505.630000 34 24 19
1193.030000 537.510000 1182.730000 506.560000 251 254 247
18.510000 535.410000 7.170000 586.610000 13 9 20
1229.240000 531.900000 1222.550000 500.090000 28 20 14
80.640000 528.230000 41.650000 576.260000 1 5 12
1240.650000 520.860000 1231.790000 487.130000 110 102 103
159.140000 520.130000 149.040000 561.090000 17 11 20
89.680000 518.130000 48.730000 565.040000 112 110 119
89.680000 518.130000 48.730000 565.040000 112 110 119
378.150000 514.080000 377.350000 538.770000 24 20 22
192.220000 513.630000 185.080000 551.920000 35 24 12
1214.940000 512.620000 1207.940000 481.950000 136 119 111
148.070000 509.180000 132.960000 551.270000 12 13 22
183.190000 488.360000 172.780000 527.040000 65 56 35
1242.170000 482.670000 1230.860000 449.100000 37 32 22
180.370000 482.920000 169.600000 521.220000 178 165 149
180.370000 482.920000 169.600000 521.220000 178 165 149
53.580000 479.730000 34.330000 526.750000 64 60 69
1216.110000 471.280000 1202.040000 438.470000 133 116 109
521.150000 461.780000 546.160000 474.520000 232 223 206
937.600000 461.070000 1020.030000 439.280000 173 159 145
1180.800000 458.720000 1164.880000 430.450000 161 199 230
835.370000 458.010000 904.310000 444.030000 208 204 181
52.570000 451.660000 31.270000 499.380000 8 7 20
1225.660000 445.240000 1212.070000 414.000000 59 47 43
169.660000 442.670000 154.870000 481.460000 40 35 49
54.750000 440.480000 32.220000 486.920000 17 16 29
690.500000 435.470000 738.870000 432.910000 241 228 208
203.190000 431.130000 191.170000 466.370000 37 30 24
198.130000 429.440000 185.650000 464.830000 178 171 164
109.160000 418.900000 89.310000 461.180000 74 70 78
728.730000 413.010000 776.470000 406.790000 111 123 128
1142.120000 406.490000 1126.680000 381.580000 137 181 227
408.920000 403.230000 400.820000 424.080000 99 93 102
408.920000 403.230000 400.820000 424.080000 99 93 102
1059.710000 396.760000 1079.870000 371.390000 34 29 29
80.700000 387.450000 57.770000 430.980000 93 89 99
727.800000 374.620000 773.590000 369.420000 139 155 186
211.670000 372.470000 194.910000 407.020000 43 40 32
854.950000 366.060000 916.280000 349.590000 215 205 188
432.020000 363.230000 440.730000 379.690000 150 140 139
167.070000 358.150000 152.140000 394.700000 0 56 96
167.070000 358.150000 152.140000 394.700000 0 56 96
824.140000 351.390000 874.230000 337.950000 182 195 191
335.510000 347.890000 322.700000 372.680000 163 198 229
560.380000 344.010000 583.640000 349.930000 74 63 51
342.020000 344.460000 328.060000 369.010000 55 79 88
71.150000 343.190000 42.170000 386.000000 9 45 77
728.010000 338.720000 769.600000 330.920000 125 143 177
560.260000 337.490000 582.610000 342.240000 69 58 42
61.270000 336.230000 31.330000 379.750000 164 250 255
954.290000 335.120000 1013.120000 312.660000 126 112 102
397.480000 320.170000 386.350000 341.370000 141 180 229
754.880000 317.390000 798.150000 306.890000 122 127 126
681.980000 304.310000 717.020000 298.840000 210 201 188
1108.820000 298.580000 1098.110000 275.830000 129 169 196
402.340000 295.000000 389.320000 314.840000 135 160 192
1105.610000 292.720000 1094.450000 270.490000 7 21 31
146.250000 278.090000 131.340000 311.260000 49 79 112
966.810000 272.110000 1013.030000 246.730000 24 18 14
833.510000 260.270000 880.560000 242.220000 23 22 14
759.590000 256.160000 811.810000 238.740000 189 181 161
867.010000 251.170000 918.830000 230.470000 43 33 14
1045.440000 243.060000 1051.050000 220.280000 54 47 49
500.700000 237.960000 505.470000 248.510000 159 179 208
501.330000 227.650000 504.330000 236.880000 176 201 228
355.370000 226.690000 341.490000 246.490000 32 58 94
528.830000 201.080000 533.120000 207.150000 178 195 218
955.120000 197.340000 994.300000 171.720000 105 93 91
531.120000 194.250000 535.250000 200.010000 22 34 59
385.010000 162.270000 365.050000 181.040000 130 182 229
579.880000 159.780000 587.990000 160.250000 83 84 81
50.580000 154.140000 18.520000 190.940000 128 190 230
50.580000 154.140000 18.520000 190.940000 128 190 230
148.600000 141.590000 120.470000 173.250000 142 217 255
257.440000 141.560000 231.050000 166.210000 71 122 176
179.900000 138.970000 153.220000 168.590000 22 76 132
161.920000 138.210000 133.720000 169.480000 41 113 167
98.550000 137.000000 68.170000 170.290000 129 209 252
270.420000 135.410000 245.370000 159.990000 128 182 230
249.630000 128.810000 222.630000 153.300000 125 204 250
82.270000 118.370000 50.850000 147.870000 71 137 182
76.390000 117.820000 44.300000 151.240000 146 216 254
449.840000 117.240000 439.050000 129.490000 119 188 220
677.870000 81.790000 689.020000 76.130000 164 158 147
666.020000 70.600000 676.760000 63.770000 255 248 246
696.850000 65.650000 709.840000 56.490000 69 61 59
78.650000 64.450000 46.240000 93.870000 126 219 253
724.620000 61.120000 743.210000 46.840000 19 24 41
751.660000 42.330000 767.850000 28.720000 42 43 34
461.570000 38.920000 445.810000 49.320000 91 118 137
525.390000 771.880000 655.280000 801.560000 124 122 110
525.390000 771.880000 655.280000 801.560000 124 122 110
940.260000 766.810000 1096.380000 758.610000 160 146 131
904.380000 766.780000 1057.340000 761.340000 27 16 2
933.410000 760.770000 1084.940000 752.730000 118 106 94
1111.640000 726.730000 1242.240000 702.180000 51 33 9
1111.640000 726.730000 1242.240000 702.180000 51 33 9
1028.860000 726.060000 1153.170000 707.090000 175 161 145
1025.560000 722.330000 1147.560000 703.600000 68 52 43
848.950000 713.520000 963.060000 707.540000 30 17 4
813.230000 702.850000 941.780000 700.380000 60 55 45
655.220000 697.100000 746.480000 706.000000 156 139 129
656.730000 692.460000 745.610000 702.270000 56 41 33
711.370000 680.630000 796.550000 684.830000 45 35 21
711.370000 680.630000 796.550000 684.830000 45 35 21
640.520000 678.920000 722.950000 689.130000 162 151 137
559.390000 655.140000 625.100000 670.570000 217 205 192
567.470000 654.550000 634.270000 669.230000 34 22 10
555.450000 648.670000 619.960000 663.810000 39 33 18
746.850000 638.750000 844.980000 638.450000 255 249 244
849.330000 635.870000 432.710000 616.180000 54 44 26
620.550000 614.020000 698.720000 622.710000 38 20 5
246.460000 608.810000 270.410000 644.890000 247 233 230
412.810000 606.240000 448.460000 630.600000 76 66 52
392.510000 603.120000 425.800000 629.340000 172 161 151
955.010000 593.740000 1053.490000 573.710000 52 37 33
1257.710000 577.870000 1256.630000 541.710000 178 180 180
187.420000 572.640000 195.070000 612.410000 60 61 77
1201.800000 569.850000 1202.880000 537.250000 79 74 79
392.390000 565.710000 421.770000 590.650000 14 21 0
152.160000 560.820000 154.300000 603.010000 36 33 48
260.790000 560.120000 276.720000 593.000000 133 144 92
1273.080000 559.700000 1268.140000 523.100000 61 63 63
771.530000 556.970000 839.580000 551.210000 21 20 24
325.890000 553.310000 332.420000 582.980000 165 165 153
309.880000 553.580000 315.980000 584.100000 39 44 8
386.740000 550.520000 392.220000 575.880000 28 29 2
407.860000 548.390000 429.800000 570.880000 216 206 202
140.540000 543.720000 136.960000 586.520000 180 184 181
135.180000 543.150000 130.400000 586.060000 198 201 202
21.900000 540.040000 10.430000 590.790000 84 79 95
1271.180000 536.300000 1263.350000 500.560000 114 102 100
141.690000 532.810000 135.430000 575.520000 143 143 133
1253.980000 531.830000 1245.780000 497.540000 106 99 93
1233.370000 529.030000 1226.070000 496.040000 107 100 96
1233.370000 529.030000 1226.070000 496.040000 107 100 96
510.740000 524.830000 544.420000 539.790000 181 168 146
106.240000 522.200000 92.140000 567.400000 96 94 104
1249.690000 521.350000 1240.440000 486.860000 120 112 113
185.560000 521.020000 179.590000 560.130000 187 177 155
733.010000 519.690000 795.960000 515.540000 168 158 134
1213.880000 517.190000 1206.570000 485.680000 86 69 60
783.270000 516.940000 851.700000 509.250000 201 188 166
330.310000 517.000000 331.210000 545.820000 94 90 90
1231.890000 511.640000 1222.540000 478.470000 124 111 113
1257.040000 506.760000 1246.670000 472.260000 49 35 31
431.230000 505.230000 458.890000 523.470000 141 130 114
1210.320000 500.230000 1199.870000 467.550000 49 33 21
1213.620000 498.100000 1203.930000 466.090000 112 96 84
166.850000 497.440000 155.540000 539.240000 147 143 148
1219.660000 491.160000 1208.510000 459.270000 117 102 90
605.870000 489.070000 648.510000 494.130000 130 122 105
1267.400000 486.000000 1255.690000 450.690000 133 121 116
662.900000 485.740000 713.760000 486.830000 42 31 19
649.900000 477.400000 698.020000 478.870000 237 228 205
165.970000 477.100000 152.610000 517.010000 35 31 42
744.530000 475.430000 804.440000 469.450000 164 154 133
670.880000 475.280000 721.320000 475.060000 224 214 198
33.140000 473.020000 8.460000 522.850000 59 56 61
741.230000 472.020000 801.720000 465.920000 31 22 0
196.910000 470.590000 188.040000 507.460000 50 38 26
798.070000 470.090000 863.730000 459.900000 181 171 153
270.600000 464.100000 278.830000 493.470000 184 181 176
309.150000 455.050000 308.270000 483.570000 128 123 107
482.130000 440.560000 504.060000 454.080000 213 203 188
1103.640000 440.000000 1104.910000 414.480000 7 5 12
186.550000 434.780000 172.350000 471.980000 183 176 170
95.510000 427.570000 75.750000 470.800000 64 62 69
1160.790000 425.900000 1145.570000 399.430000 132 159 188
338.500000 425.390000 330.530000 451.220000 94 90 92
717.820000 418.190000 763.170000 413.470000 63 74 69
766.000000 417.750000 821.530000 408.420000 80 68 60
766.000000 417.750000 821.530000 408.420000 80 68 60
83.220000 412.420000 60.700000 456.260000 20 17 20
850.790000 411.930000 915.710000 396.210000 228 215 193
838.730000 397.730000 899.710000 382.490000 67 76 59
1219.640000 393.960000 1201.600000 363.230000 144 180 217
145.720000 392.760000 123.740000 432.430000 177 203 249
145.720000 392.760000 123.740000 432.430000 177 203 249
518.590000 388.880000 539.980000 398.530000 147 140 142
66.730000 382.780000 41.390000 427.250000 57 54 59
484.190000 381.630000 500.970000 394.110000 31 20 6
159.270000 378.550000 144.610000 414.810000 154 240 255
206.900000 373.050000 190.390000 406.490000 156 153 140
78.240000 370.050000 52.700000 413.750000 29 34 58
485.310000 366.690000 501.780000 378.980000 39 23 6
520.730000 364.250000 540.370000 372.910000 113 106 109
823.690000 351.130000 874.230000 337.950000 185 198 194
555.820000 349.560000 578.720000 355.500000 179 170 165
61.100000 336.440000 31.330000 379.750000 164 250 255
353.080000 335.760000 343.110000 358.060000 135 209 255
122.850000 328.710000 104.060000 366.850000 21 52 94
56.620000 327.690000 26.160000 371.240000 84 179 199
851.270000 326.340000 908.300000 309.070000 212 205 183
672.550000 318.770000 707.010000 313.550000 165 155 148
678.520000 313.850000 713.830000 309.530000 213 204 187
681.990000 304.510000 717.020000 298.840000 210 201 188
83.010000 303.690000 61.530000 343.900000 185 212 239
681.910000 290.950000 716.040000 286.120000 219 211 196
57.600000 290.960000 35.180000 331.730000 81 156 197
50.930000 290.320000 25.760000 331.610000 140 221 253
833.150000 287.470000 882.450000 270.730000 245 245 229
755.380000 286.150000 796.400000 275.060000 12 11 13
49.920000 282.390000 26.250000 324.220000 122 236 255
703.420000 277.700000 738.020000 270.860000 210 200 182
98.730000 273.120000 81.340000 310.200000 28 88 132
135.140000 269.190000 118.510000 302.050000 157 194 235
843.310000 262.080000 892.600000 243.940000 233 230 204
412.960000 259.400000 398.120000 277.650000 132 156 202
408.810000 256.240000 394.320000 273.790000 60 76 118
555.300000 254.960000 567.310000 260.580000 185 183 184
418.130000 248.430000 404.540000 266.560000 75 121 166
848.120000 245.840000 897.200000 226.830000 239 230 217
861.920000 242.310000 911.930000 221.980000 222 214 193
106.350000 240.410000 86.650000 274.660000 120 225 255
338.130000 221.070000 323.320000 241.910000 56 78 110
663.710000 218.000000 688.230000 213.340000 204 200 200
528.380000 210.050000 533.340000 216.870000 179 197 220
265.940000 209.310000 244.780000 235.550000 149 178 205
328.440000 206.420000 310.750000 227.880000 133 167 211
528.630000 200.920000 532.750000 206.930000 176 189 212
531.140000 194.270000 535.420000 200.020000 22 34 59
518.550000 192.710000 521.410000 199.170000 90 84 74
586.460000 189.920000 598.250000 190.200000 125 123 113
430.420000 190.140000 413.180000 206.030000 139 184 235
333.990000 189.630000 315.820000 211.700000 39 112 165
333.990000 189.630000 315.820000 211.700000 39 112 165
313.430000 185.230000 294.930000 209.040000 34 68 111
313.430000 185.230000 294.930000 209.040000 34 68 111
109.870000 183.550000 82.290000 218.060000 34 102 145
548.550000 175.390000 554.150000 179.070000 193 189 176
544.290000 174.250000 550.320000 177.240000 96 92 74
178.350000 164.900000 150.310000 195.250000 73 142 185
675.900000 161.450000 695.550000 154.470000 167 155 151
491.870000 161.640000 489.970000 169.940000 205 194 185
563.850000 149.840000 569.150000 151.850000 147 135 123
408.040000 150.200000 388.790000 167.940000 122 177 231
187.990000 150.160000 162.440000 179.720000 26 104 154
151.730000 149.740000 123.720000 181.590000 29 106 157
580.850000 147.550000 588.910000 147.110000 111 106 92
580.850000 147.550000 588.910000 147.110000 111 106 92
160.120000 147.230000 131.880000 178.210000 127 213 254
144.460000 145.220000 117.570000 177.390000 40 109 160
211.040000 144.110000 186.060000 171.600000 26 93 141
211.040000 144.110000 186.060000 171.600000 26 93 141
918.520000 142.620000 965.250000 116.410000 160 147 158
273.190000 142.420000 248.250000 166.140000 62 124 170
762.030000 140.420000 789.500000 126.950000 99 92 87
281.780000 137.070000 254.350000 159.070000 67 131 176
238.830000 136.780000 213.260000 163.020000 135 192 234
151.390000 137.260000 122.470000 168.660000 71 137 188
393.240000 136.110000 373.010000 152.140000 121 187 243
282.140000 131.190000 257.360000 152.470000 140 202 252
524.690000 130.120000 522.740000 136.350000 88 94 94
396.430000 128.690000 377.280000 144.270000 125 188 239
301.550000 114.430000 278.550000 134.400000 119 173 227
281.720000 110.900000 256.470000 134.540000 133 199 248
217.550000 108.530000 189.220000 134.490000 41 105 162
404.540000 107.160000 384.570000 121.980000 118 172 228
299.480000 102.580000 276.010000 123.280000 69 127 181
149.920000 99.030000 119.610000 127.710000 157 202 247
317.140000 93.810000 290.670000 114.890000 118 190 243
707.170000 89.930000 721.680000 78.800000 65 65 75
88.530000 88.030000 56.530000 118.890000 44 108 154
899.120000 84.790000 937.360000 59.430000 199 181 163
891.340000 84.420000 928.930000 60.080000 207 188 173
90.200000 84.270000 58.210000 115.070000 143 226 255
60.240000 84.160000 26.300000 115.800000 48 112 161
338.110000 83.630000 313.360000 102.700000 49 109 155
104.640000 82.550000 71.410000 113.650000 62 120 168
237.880000 80.390000 209.880000 105.360000 130 187 230
234.170000 76.590000 204.200000 101.110000 71 129 174
907.830000 75.830000 946.380000 50.010000 210 196 183
882.350000 75.980000 917.970000 52.520000 190 178 162
173.810000 68.880000 142.260000 95.620000 72 127 175
890.620000 67.140000 925.950000 42.670000 181 168 146
343.070000 66.140000 315.790000 83.870000 129 177 228
343.070000 66.140000 315.790000 83.870000 129 177 228
189.450000 65.940000 158.360000 92.770000 126 210 250
689.460000 58.680000 702.930000 49.800000 142 131 121
459.730000 54.340000 444.960000 64.070000 96 132 153
771.980000 51.900000 791.200000 35.810000 144 153 161
461.420000 39.230000 445.810000 49.320000 87 114 128
799.670000 38.240000 820.680000 20.880000 29 53 73
677.960000 37.710000 686.030000 29.990000 164 161 156
459.530000 33.490000 442.330000 43.110000 118 180 224
460.480000 23.230000 442.300000 33.980000 125 190 230
531.870000 18.400000 519.370000 24.660000 158 166 153
587.330000 13.920000 582.790000 12.870000 104 105 121
468.980000 12.220000 452.770000 20.920000 125 179 212
525.470000 767.610000 654.980000 797.980000 229 225 216
567.000000 764.230000 692.510000 788.420000 204 191 171
936.350000 764.150000 1089.550000 757.120000 36 22 9
900.370000 763.950000 1053.810000 759.100000 150 140 124
509.630000 762.770000 631.530000 792.580000 139 132 120
327.570000 759.990000 266.430000 776.410000 128 130 128
843.640000 743.020000 975.410000 740.460000 51 35 13
475.560000 743.170000 586.090000 774.470000 130 115 105
961.290000 742.030000 1098.030000 730.040000 51 34 18
965.100000 733.680000 1096.670000 717.870000 153 142 126
850.050000 733.650000 977.020000 728.910000 149 137 129
935.970000 730.940000 1076.560000 720.240000 128 109 96
930.160000 727.520000 1071.460000 717.600000 163 144 133
614.330000 721.230000 716.350000 736.630000 164 145 127
1002.180000 716.660000 1123.030000 699.640000 85 37 18
445.550000 715.900000 559.220000 754.370000 129 113 101
426.590000 716.230000 518.400000 748.590000 130 115 104
751.940000 711.720000 858.190000 714.000000 193 175 155
734.270000 707.540000 836.820000 711.120000 215 206 185
734.270000 707.540000 836.820000 711.120000 215 206 185
741.170000 706.310000 844.430000 709.300000 179 169 148
419.090000 701.340000 511.980000 736.830000 119 104 95
770.330000 697.540000 866.750000 697.650000 155 135 110
606.420000 689.530000 692.460000 702.660000 137 127 112
637.800000 685.510000 722.820000 695.930000 196 182 168
626.290000 684.600000 707.710000 696.770000 151 137 124
695.360000 683.490000 781.780000 688.970000 167 156 137
613.460000 681.430000 695.310000 694.460000 145 137 122
661.420000 679.610000 744.090000 687.690000 94 84 63
640.630000 678.940000 722.950000 689.130000 162 151 137
656.340000 667.300000 733.010000 674.920000 146 136 118
643.070000 665.980000 720.070000 675.610000 139 125 112
646.470000 664.410000 721.600000 672.710000 29 15 5
498.350000 661.830000 567.220000 682.230000 163 144 126
924.310000 659.720000 1043.890000 645.060000 224 223 218
491.980000 654.130000 561.160000 675.450000 141 122 101
531.210000 647.780000 558.360000 659.770000 164 154 139
860.890000 643.470000 951.810000 633.430000 99 85 62
276.850000 629.900000 305.480000 662.440000 148 133 124
653.660000 628.410000 727.410000 635.720000 105 99 88
910.510000 620.030000 1006.060000 605.560000 118 100 80
1182.700000 619.180000 1224.180000 586.120000 11 6 16
951.330000 614.530000 1052.530000 596.690000 197 176 167
907.310000 614.620000 1002.550000 600.030000 109 90 72
948.600000 611.690000 1048.520000 593.670000 108 89 76
948.600000 611.690000 1048.520000 593.670000 108 89 76
941.410000 610.970000 1040.620000 593.970000 100 82 61
524.910000 609.770000 589.280000 626.080000 121 100 90
937.830000 604.820000 1035.590000 587.510000 121 102 79
857.260000 605.140000 943.850000 594.160000 96 72 54
857.260000 605.140000 943.850000 594.160000 96 72 54
429.150000 605.280000 467.000000 628.280000 84 75 62
246.280000 604.560000 269.340000 640.770000 132 117 109
941.350000 599.120000 1039.560000 581.410000 102 87 68
921.040000 597.930000 1016.150000 581.490000 105 83 53
397.060000 596.210000 430.340000 622.220000 160 151 140
856.090000 594.180000 941.590000 582.950000 106 86 61
924.470000 592.270000 1018.790000 575.430000 108 85 60
912.500000 591.640000 1004.540000 575.660000 102 84 65
912.500000 591.640000 1004.540000 575.660000 102 84 65
836.780000 587.540000 919.180000 577.670000 130 103 82
947.210000 586.820000 1044.770000 568.210000 90 74 63
928.010000 586.450000 1022.700000 569.290000 81 61 38
266.390000 585.100000 283.460000 619.830000 125 143 78
316.960000 583.310000 337.210000 613.710000 79 100 31
896.030000 581.640000 985.460000 566.660000 187 172 152
720.370000 580.230000 786.930000 579.460000 212 188 172
940.480000 575.300000 1072.950000 560.300000 129 115 87
946.540000 575.230000 1042.420000 556.090000 94 82 54
933.890000 574.900000 1026.970000 556.790000 117 101 71
451.720000 570.850000 468.870000 588.560000 127 109 84
917.750000 568.460000 1008.490000 551.260000 123 104 73
395.040000 568.450000 425.260000 592.100000 232 239 205
337.790000 567.030000 352.130000 595.280000 238 243 209
810.370000 566.280000 902.850000 556.980000 121 96 62
877.900000 562.040000 962.610000 548.050000 125 101 77
863.110000 562.000000 946.940000 548.840000 105 87 63
863.110000 562.000000 946.940000 548.840000 105 87 63
866.900000 559.380000 950.150000 546.180000 207 187 164
269.250000 559.320000 285.300000 592.730000 128 142 94
887.040000 556.790000 972.390000 541.910000 116 92 70
932.390000 555.900000 1023.730000 536.930000 193 175 146
142.320000 555.470000 141.860000 598.670000 23 24 37
937.660000 555.090000 1028.710000 535.830000 175 157 133
1002.680000 552.700000 1074.160000 529.990000 53 42 35
915.600000 552.270000 1005.750000 534.720000 110 93 64
240.260000 551.300000 245.470000 586.490000 24 31 4
1173.010000 550.390000 1169.270000 519.550000 61 54 53
923.290000 549.850000 1013.130000 531.500000 172 154 126
952.050000 546.590000 1044.480000 526.430000 62 42 35
952.050000 546.590000 1044.480000 526.430000 62 42 35
947.710000 546.440000 1040.700000 526.230000 97 78 67
942.830000 546.530000 1033.420000 526.940000 114 96 76
880.690000 546.490000 964.390000 531.600000 108 81 58
1222.740000 541.860000 1216.450000 508.760000 66 53 44
847.610000 541.820000 926.930000 529.540000 131 103 75
307.770000 541.780000 312.760000 572.530000 101 104 86
773.950000 540.520000 840.140000 535.160000 74 75 66
27.120000 537.600000 14.460000 588.670000 52 47 60
823.600000 536.900000 898.860000 526.070000 119 95 71
311.560000 531.830000 316.540000 561.730000 98 92 88
857.360000 531.000000 936.340000 517.680000 99 76 50
951.650000 529.940000 1042.170000 508.890000 41 29 21
1237.790000 526.850000 1230.070000 493.170000 92 84 84
516.360000 525.090000 550.950000 539.020000 166 156 133
309.610000 524.630000 313.270000 554.800000 36 30 26
303.850000 519.040000 307.020000 550.930000 34 28 24
106.890000 518.420000 93.200000 563.450000 19 15 25
943.500000 518.140000 1033.360000 497.110000 94 79 58
911.940000 515.720000 996.780000 497.010000 185 166 145
379.800000 515.460000 379.770000 540.530000 11 7 9
335.560000 514.590000 333.870000 542.740000 12 8 10
256.980000 514.540000 251.920000 547.050000 39 32 33
951.090000 512.850000 1040.040000 490.900000 28 15 10
914.600000 513.140000 999.850000 494.380000 104 86 61
1257.090000 511.160000 1246.790000 476.310000 117 104 100
1219.730000 511.190000 1211.060000 479.230000 67 50 42
860.220000 510.000000 938.690000 495.500000 89 72 44
917.550000 507.550000 1001.390000 488.430000 101 83 56
264.250000 504.890000 261.600000 539.290000 12 5 4
889.860000 503.400000 970.690000 486.460000 103 84 63
933.090000 501.060000 1019.500000 480.760000 102 88 65
169.760000 493.070000 158.470000 532.140000 83 78 82
583.830000 490.440000 628.340000 497.060000 143 135 118
905.180000 485.930000 986.050000 467.300000 86 76 55
175.810000 484.910000 164.260000 524.210000 123 113 108
1227.040000 484.040000 1216.040000 450.880000 90 78 72
667.080000 483.170000 717.370000 483.590000 191 187 164
179.480000 480.580000 168.150000 519.360000 172 156 148
169.900000 478.880000 157.290000 517.990000 134 125 136
733.360000 477.210000 791.430000 472.400000 208 193 174
283.960000 470.440000 283.450000 505.090000 67 61 55
1249.820000 467.380000 1238.310000 433.610000 123 111 107
281.350000 464.030000 290.450000 493.590000 141 135 129
931.070000 462.120000 1011.450000 441.060000 95 82 62
931.070000 462.120000 1011.450000 441.060000 95 82 62
941.620000 460.890000 1024.510000 438.660000 99 84 75
745.290000 457.640000 802.350000 451.220000 96 79 59
505.730000 456.060000 568.040000 460.040000 41 39 36
367.410000 454.580000 344.810000 478.950000 28 25 28
538.880000 449.910000 568.040000 460.040000 48 46 48
864.240000 443.470000 934.160000 426.980000 102 84 63
512.980000 442.920000 538.570000 457.490000 61 62 60
310.490000 441.320000 308.600000 469.210000 36 32 16
890.030000 440.390000 983.820000 417.850000 110 90 70
927.300000 436.060000 983.820000 417.850000 104 91 71
939.570000 435.080000 1017.850000 412.180000 70 57 47
933.820000 435.130000 1011.430000 413.060000 105 92 78
336.700000 432.830000 329.650000 458.960000 85 81 83
190.590000 432.420000 176.710000 469.410000 185 178 172
689.190000 429.940000 736.950000 427.380000 239 228 210
375.590000 429.750000 369.570000 453.590000 45 40 44
763.130000 428.800000 820.030000 420.210000 125 113 85
341.310000 429.040000 334.080000 455.160000 36 32 34
854.710000 424.560000 921.120000 408.680000 115 101 72
817.970000 420.120000 880.740000 406.760000 111 107 78
1157.990000 419.450000 1142.690000 392.860000 127 156 185
1180.440000 418.520000 1164.050000 390.050000 127 181 227
757.880000 416.870000 811.900000 407.840000 114 114 113
847.110000 415.600000 912.590000 400.320000 105 93 67
1217.710000 414.330000 1202.280000 383.440000 134 161 192
305.190000 410.730000 301.200000 437.020000 141 140 134
178.800000 410.030000 161.940000 446.800000 120 124 137
895.800000 409.200000 966.750000 389.110000 103 82 62
1162.950000 403.770000 1145.860000 376.920000 113 159 196
840.010000 402.930000 901.880000 387.500000 99 100 84
881.990000 400.910000 949.380000 382.100000 113 93 68
889.570000 399.810000 958.120000 380.380000 118 97 75
181.680000 400.050000 163.720000 436.590000 90 99 103
406.860000 398.230000 399.230000 419.790000 34 24 34
186.770000 397.870000 170.690000 433.980000 93 94 85
831.990000 395.670000 841.920000 392.580000 201 219 200
837.180000 394.500000 897.050000 378.750000 202 212 195
270.080000 393.310000 263.150000 422.040000 46 42 40
188.640000 391.700000 172.060000 428.130000 66 67 55
1177.190000 390.110000 1159.930000 362.780000 76 142 177
839.670000 389.950000 900.670000 376.420000 122 131 112
542.250000 384.090000 565.940000 391.600000 20 21 25
569.620000 382.700000 597.660000 388.420000 181 161 143
550.960000 381.340000 575.640000 388.590000 28 27 30
664.590000 379.700000 704.730000 377.650000 61 58 64
551.150000 374.720000 575.900000 381.460000 58 56 57
234.780000 372.870000 222.550000 405.360000 174 177 180
736.870000 368.800000 782.240000 362.580000 124 144 173
750.010000 368.070000 793.680000 359.030000 186 217 235
891.030000 363.590000 955.310000 343.480000 121 100 81
160.600000 363.000000 143.900000 401.060000 74 164 196
549.360000 361.420000 573.590000 366.820000 89 87 86
920.510000 359.270000 988.960000 336.400000 180 161 143
789.460000 358.120000 836.750000 346.600000 191 219 240
565.260000 357.910000 589.620000 363.460000 156 141 130
551.890000 357.540000 575.110000 363.910000 10 8 5
1041.770000 354.850000 1067.060000 331.830000 106 99 92
791.050000 354.860000 838.810000 343.070000 97 124 150
448.200000 354.240000 451.690000 372.030000 156 147 139
431.080000 353.060000 439.260000 368.780000 172 162 157
552.800000 339.220000 574.820000 345.710000 52 44 26
422.420000 338.450000 407.800000 359.020000 30 39 64
684.040000 338.040000 722.230000 333.390000 222 212 194
709.890000 335.080000 749.020000 328.460000 135 148 161
555.060000 334.980000 577.210000 340.540000 191 180 164
896.790000 329.650000 960.070000 307.740000 205 186 165
52.310000 328.480000 23.010000 373.200000 169 251 255
736.500000 326.760000 777.440000 317.800000 123 134 149
918.150000 318.140000 982.550000 294.740000 197 179 151
888.590000 317.510000 949.030000 296.340000 188 170 152
690.940000 314.240000 727.750000 308.890000 173 166 160
690.940000 314.240000 727.750000 308.890000 173 166 160
332.300000 312.750000 325.230000 335.820000 19 50 80
923.220000 312.130000 987.430000 287.910000 202 184 161
688.340000 311.780000 725.260000 306.290000 33 26 21
81.700000 307.050000 58.750000 347.210000 52 84 108
854.630000 304.750000 909.100000 286.450000 126 113 93
698.380000 300.570000 734.100000 294.990000 94 92 93
673.060000 296.320000 706.020000 291.820000 169 161 144
695.220000 295.760000 730.160000 290.090000 26 24 25
691.110000 295.580000 726.030000 289.670000 102 100 100
741.780000 294.590000 779.470000 285.510000 115 123 177
479.940000 290.320000 487.820000 301.370000 225 210 199
476.740000 288.100000 484.650000 299.590000 144 126 116
665.820000 287.510000 696.980000 279.400000 76 74 81
853.710000 286.330000 906.810000 267.300000 118 108 90
50.660000 286.520000 26.740000 328.000000 80 172 212
854.000000 282.780000 907.000000 263.320000 209 199 183
405.600000 280.460000 390.090000 299.730000 125 170 221
819.750000 272.520000 869.220000 255.050000 64 68 81
832.590000 271.650000 878.750000 256.040000 248 245 250
822.170000 267.710000 871.870000 249.560000 89 84 100
857.290000 267.070000 909.470000 247.650000 108 97 83
545.330000 265.310000 558.960000 270.280000 131 125 111
914.650000 259.880000 972.120000 235.630000 184 165 150
656.150000 259.870000 682.860000 256.380000 158 146 141
673.650000 259.690000 702.820000 255.650000 173 161 153
845.960000 258.040000 895.740000 239.130000 55 51 31
679.280000 254.540000 708.350000 248.960000 191 170 161
925.180000 252.420000 983.490000 227.070000 188 173 164
834.330000 252.460000 881.270000 234.440000 43 42 36
862.210000 250.230000 912.560000 230.120000 115 108 88
601.860000 249.340000 621.500000 250.450000 176 157 142
569.350000 247.560000 582.780000 251.340000 179 196 191
860.140000 245.450000 910.010000 225.600000 67 60 38
838.750000 243.780000 885.510000 225.850000 29 25 14
651.790000 243.730000 676.440000 240.630000 134 115 97
567.210000 244.240000 580.340000 247.560000 72 96 112
850.700000 242.050000 900.000000 222.510000 137 127 120
850.700000 242.050000 900.000000 222.510000 137 127 120
668.940000 240.970000 695.110000 236.560000 142 143 136
190.790000 240.970000 171.330000 272.090000 114 121 147
856.010000 240.300000 904.480000 220.990000 73 64 50
531.220000 238.620000 539.430000 244.960000 211 241 252
332.400000 238.920000 318.600000 259.060000 149 154 178
514.510000 227.080000 520.890000 233.770000 175 197 202
856.250000 226.510000 903.570000 206.990000 77 61 49
405.770000 225.450000 389.010000 243.730000 79 145 195
657.460000 222.480000 680.280000 217.980000 175 159 147
389.190000 215.630000 372.910000 234.800000 41 96 144
489.700000 213.460000 491.670000 222.650000 93 83 75
334.650000 212.360000 317.530000 233.820000 144 176 217
524.400000 210.940000 529.340000 218.440000 38 44 59
326.050000 210.760000 308.720000 231.800000 25 56 96
532.950000 208.570000 539.640000 213.660000 179 214 237
392.240000 206.220000 375.430000 224.890000 61 113 162
732.360000 203.370000 680.280000 217.980000 184 165 152
63.030000 202.070000 36.460000 238.010000 69 124 170
790.730000 199.190000 827.010000 184.440000 173 163 164
558.780000 197.820000 566.570000 202.010000 131 155 168
323.600000 197.960000 307.160000 223.970000 129 183 231
403.550000 196.440000 386.590000 213.840000 23 65 118
278.180000 195.010000 254.430000 222.030000 43 123 181
270.290000 193.920000 247.260000 220.740000 53 89 131
301.210000 190.030000 281.790000 213.860000 46 94 141
235.460000 188.450000 211.570000 216.110000 40 104 150
655.010000 186.260000 673.700000 181.190000 137 118 107
472.180000 177.840000 469.230000 188.010000 180 168 156
694.990000 177.060000 718.550000 168.470000 149 139 123
685.820000 169.250000 707.800000 161.120000 136 127 116
215.580000 169.090000 192.070000 196.190000 36 88 127
66.410000 165.190000 35.910000 200.430000 127 230 255
680.420000 163.480000 701.100000 156.940000 141 126 114
497.550000 161.310000 494.780000 169.860000 130 121 112
347.860000 158.310000 329.380000 177.900000 108 172 227
155.310000 156.460000 128.670000 188.510000 42 113 166
494.210000 155.910000 491.660000 164.580000 93 86 79
906.430000 148.190000 952.530000 122.710000 197 183 192
299.850000 147.430000 277.700000 170.230000 144 186 233
811.440000 147.190000 790.530000 151.150000 181 169 156
208.330000 146.680000 183.360000 174.110000 136 203 253
155.080000 147.080000 127.690000 177.570000 52 136 190
95.550000 145.180000 65.480000 179.290000 142 209 253
211.610000 138.600000 186.210000 166.130000 42 99 151
363.540000 135.090000 343.980000 152.350000 79 133 190
791.260000 132.980000 821.760000 117.090000 123 128 114
395.130000 132.500000 375.390000 148.530000 33 101 155
395.130000 132.500000 375.390000 148.530000 33 101 155
99.400000 131.800000 68.140000 165.800000 78 162 210
403.470000 131.200000 384.900000 147.030000 38 96 150
535.940000 128.390000 534.000000 134.070000 152 153 143
383.220000 128.240000 362.840000 144.830000 134 187 241
244.020000 128.030000 216.940000 152.630000 80 142 188
335.340000 125.260000 310.030000 144.730000 66 142 188
220.940000 122.400000 193.800000 149.250000 108 171 222
490.860000 121.980000 485.960000 129.610000 139 128 118
540.370000 120.070000 538.280000 124.610000 249 252 245
754.850000 113.740000 776.960000 100.940000 176 195 203
830.450000 112.300000 863.270000 93.010000 91 86 68
364.040000 112.060000 342.340000 129.380000 120 192 242
380.430000 110.280000 358.830000 126.160000 134 187 238
309.240000 109.850000 286.080000 129.590000 117 182 231
376.530000 108.200000 354.560000 125.390000 64 121 173
376.530000 108.200000 354.560000 125.390000 64 121 173
307.420000 106.030000 283.320000 126.660000 46 100 153
831.720000 103.300000 862.420000 84.760000 250 245 233
211.850000 102.090000 182.880000 127.630000 46 106 160
776.100000 101.470000 798.490000 86.770000 110 135 143
239.360000 99.030000 211.720000 123.550000 55 124 173
688.070000 98.420000 703.220000 90.790000 135 125 116
280.030000 92.030000 254.990000 114.280000 111 181 236
841.620000 90.590000 873.910000 69.820000 241 232 215
492.780000 88.390000 484.670000 95.450000 77 70 71
282.230000 87.920000 256.130000 109.990000 64 139 193
496.390000 87.770000 488.410000 95.020000 199 196 198
496.390000 87.770000 488.410000 95.020000 199 196 198
200.310000 85.740000 171.110000 111.620000 132 192 236
190.220000 84.310000 160.630000 111.070000 151 194 241
243.010000 81.550000 215.380000 106.620000 57 107 151
82.210000 77.570000 48.990000 107.410000 57 150 190
852.240000 76.950000 884.520000 55.280000 202 186 172
841.550000 72.250000 871.550000 50.810000 231 222 211
271.490000 72.060000 244.770000 94.430000 128 193 243
40.300000 67.540000 5.520000 99.600000 77 182 220
687.740000 64.350000 700.500000 57.630000 145 134 122
886.970000 61.500000 921.020000 36.260000 174 158 142
772.580000 59.680000 791.930000 45.360000 132 146 158
850.260000 52.900000 879.710000 32.100000 196 185 171
500.750000 47.560000 489.700000 54.210000 217 208 199
478.220000 46.790000 464.720000 55.220000 144 133 125
505.830000 42.610000 495.020000 48.580000 173 163 158
789.860000 40.630000 808.260000 25.190000 145 168 193
510.110000 38.690000 498.070000 46.030000 174 169 165
905.720000 32.140000 939.370000 6.800000 182 168 155
757.360000 26.660000 773.380000 13.280000 235 232 222
926.010000 797.510000 1110.600000 794.070000 162 143 122
767.950000 768.530000 915.290000 775.170000 153 129 111
457.240000 756.840000 572.890000 790.920000 169 150 135
457.240000 756.840000 572.890000 790.920000 169 150 135
829.040000 733.150000 958.070000 730.190000 150 137 116
929.630000 730.870000 1071.080000 721.030000 122 103 90
817.410000 712.500000 946.300000 710.230000 143 148 127
744.130000 706.610000 847.600000 709.080000 70 59 38
817.040000 704.740000 945.770000 701.620000 218 218 206
738.440000 704.400000 767.080000 698.520000 119 109 88
685.630000 695.060000 778.490000 702.620000 92 78 61
677.350000 693.510000 844.430000 709.300000 190 174 161
680.410000 693.140000 847.600000 709.080000 84 70 55
625.400000 690.260000 712.720000 702.480000 154 138 122
764.510000 690.130000 857.810000 690.100000 216 201 182
764.510000 690.130000 857.810000 690.100000 216 201 182
743.610000 688.460000 845.830000 691.270000 83 69 52
660.240000 687.080000 746.760000 696.490000 168 155 148
483.300000 683.850000 559.510000 707.440000 163 144 126
768.590000 683.420000 861.490000 682.450000 96 78 58
624.290000 679.040000 706.820000 690.050000 48 37 25
624.290000 679.040000 706.820000 690.050000 48 37 25
627.450000 678.010000 710.500000 688.650000 152 141 129
621.520000 678.220000 703.050000 689.840000 164 153 146
529.910000 675.690000 606.410000 695.070000 161 143 123
615.650000 667.160000 696.600000 677.670000 222 212 206
521.810000 664.850000 592.760000 683.810000 109 89 74
933.410000 661.120000 1051.980000 646.430000 188 190 171
494.390000 658.610000 561.160000 675.450000 153 134 114
575.510000 652.840000 640.420000 667.090000 76 66 50
524.960000 653.050000 592.900000 671.960000 206 190 178
745.260000 650.610000 844.080000 651.870000 163 149 124
534.450000 643.400000 601.670000 660.080000 58 48 35
622.690000 641.770000 702.020000 650.740000 145 138 123
742.550000 641.000000 840.080000 638.930000 95 78 68
742.550000 641.000000 840.080000 638.930000 95 78 68
794.710000 640.740000 876.770000 636.090000 78 74 60
767.850000 636.470000 856.540000 634.710000 107 106 97
572.880000 636.610000 628.290000 650.150000 155 144 128
475.900000 634.080000 527.770000 655.240000 45 26 15
478.660000 632.130000 531.430000 652.730000 173 154 143
653.630000 628.460000 727.410000 635.720000 105 99 88
684.530000 622.290000 770.940000 623.320000 111 93 88
440.780000 619.030000 483.860000 642.100000 209 198 184
430.770000 618.450000 470.460000 641.780000 131 120 106
617.280000 613.810000 695.390000 622.570000 76 59 42
906.500000 611.610000 1000.560000 596.670000 197 177 163
928.270000 610.280000 1026.670000 593.900000 94 70 51
884.070000 610.390000 995.720000 597.480000 214 192 162
808.020000 609.740000 889.210000 602.660000 178 156 126
807.250000 606.840000 887.880000 599.850000 123 101 71
700.320000 607.150000 766.420000 608.860000 118 100 64
837.330000 606.020000 921.750000 596.760000 197 174 152
802.270000 606.180000 882.250000 599.680000 126 105 82
722.950000 604.600000 790.690000 604.720000 122 102 85
373.920000 604.550000 405.920000 631.830000 65 54 44
800.020000 604.020000 878.480000 597.570000 200 179 160
810.240000 601.920000 890.520000 594.410000 140 114 85
804.300000 601.400000 884.300000 594.610000 117 94 66
438.640000 601.570000 473.660000 624.380000 87 81 69
959.440000 601.190000 191.490000 589.240000 101 88 78
824.220000 598.080000 905.740000 589.350000 107 79 55
824.220000 598.080000 905.740000 589.350000 107 79 55
800.430000 594.270000 879.440000 587.430000 196 176 148
939.760000 593.830000 1036.370000 575.860000 136 121 86
403.890000 592.960000 436.320000 617.790000 45 42 30
633.760000 592.250000 690.630000 599.200000 109 93 55
797.190000 591.100000 874.910000 584.390000 95 81 56
797.190000 591.100000 874.910000 584.390000 95 81 56
686.600000 590.350000 750.140000 592.760000 192 176 138
876.910000 589.950000 964.650000 576.700000 114 90 72
873.910000 587.700000 961.450000 574.540000 190 165 145
823.480000 587.150000 903.940000 578.310000 120 92 62
815.600000 584.600000 895.880000 576.100000 195 168 142
825.370000 582.150000 905.870000 573.080000 119 91 63
688.680000 581.240000 751.680000 583.340000 207 190 148
951.550000 578.790000 1047.970000 559.450000 170 158 148
688.750000 578.640000 751.430000 580.470000 198 178 154
524.570000 578.020000 571.280000 593.130000 45 36 22
413.690000 572.420000 410.560000 591.690000 110 107 88
512.330000 566.630000 548.300000 581.080000 119 127 116
720.950000 565.500000 786.350000 564.330000 207 188 157
168.470000 564.150000 173.030000 605.520000 55 47 60
945.780000 563.630000 1040.430000 544.040000 111 92 77
271.600000 563.560000 287.610000 596.530000 97 103 74
888.730000 562.500000 974.830000 547.370000 124 101 79
1176.040000 561.610000 1173.920000 532.200000 74 68 64
840.260000 561.470000 920.860000 550.730000 123 101 71
222.930000 560.880000 229.410000 598.070000 109 108 90
1173.280000 559.780000 1170.660000 531.120000 192 186 180
791.030000 556.910000 864.310000 549.470000 46 37 24
1174.620000 556.480000 1170.790000 527.680000 63 57 51
832.570000 556.520000 911.460000 545.830000 131 107 78
793.850000 553.870000 867.550000 546.010000 171 158 139
242.650000 554.260000 247.080000 589.420000 134 142 100
148.610000 553.250000 147.990000 595.730000 20 18 25
946.490000 552.200000 1038.920000 532.350000 99 80 66
343.300000 551.930000 349.000000 580.240000 44 44 29
313.260000 550.570000 318.920000 580.730000 95 96 81
313.260000 550.570000 318.920000 580.730000 95 96 81
253.040000 550.410000 257.710000 585.570000 61 73 11
340.760000 549.510000 346.110000 577.780000 89 87 74
793.780000 548.780000 866.650000 540.730000 151 137 120
768.130000 547.370000 835.390000 541.990000 108 108 106
355.920000 547.290000 360.950000 574.580000 120 118 103
897.590000 546.840000 983.250000 530.460000 103 79 60
916.200000 546.460000 908.810000 535.690000 101 83 57
247.050000 546.330000 250.600000 581.850000 52 58 18
767.220000 544.560000 833.650000 539.010000 7 7 3
665.880000 543.490000 721.900000 545.670000 162 147 136
303.880000 541.940000 308.660000 572.360000 26 27 12
890.160000 541.130000 974.650000 525.290000 105 84 67
890.160000 541.130000 974.650000 525.290000 105 84 67
873.620000 541.080000 955.720000 526.720000 95 71 49
666.150000 539.590000 721.980000 541.850000 188 174 157
941.740000 538.640000 1033.170000 518.890000 175 157 136
634.430000 537.840000 882.240000 537.280000 122 108 55
846.600000 536.430000 924.880000 524.240000 117 93 65
835.560000 536.560000 912.270000 524.910000 101 78 52
248.170000 536.440000 244.930000 571.600000 33 31 26
211.700000 536.100000 212.110000 573.320000 116 119 111
200.350000 533.810000 198.670000 571.890000 98 97 93
824.450000 531.820000 967.210000 520.480000 119 96 71
505.770000 531.670000 537.440000 547.150000 89 78 73
867.420000 530.950000 948.150000 516.760000 117 97 70
727.230000 529.100000 790.730000 525.660000 75 54 47
724.880000 526.690000 787.390000 523.680000 189 164 157
793.430000 525.200000 864.070000 516.810000 170 160 136
190.650000 521.190000 183.770000 558.970000 42 29 24
845.700000 515.940000 922.680000 502.460000 130 112 85
775.450000 516.170000 843.090000 508.540000 182 169 147
180.520000 515.870000 171.260000 555.790000 161 150 138
797.760000 515.770000 867.990000 506.420000 175 157 131
745.310000 515.160000 809.300000 510.310000 107 93 68
745.310000 515.160000 809.300000 510.310000 107 93 68
372.690000 513.890000 370.950000 539.410000 66 63 66
149.470000 513.210000 135.210000 555.370000 68 70 79
1251.520000 507.790000 1241.090000 474.040000 84 72 70
823.580000 506.290000 897.110000 494.720000 110 95 70
829.430000 506.250000 902.680000 494.250000 104 87 63
810.970000 505.100000 881.280000 494.740000 202 182 159
831.860000 500.910000 905.860000 488.580000 108 90 72
831.860000 500.910000 905.860000 488.580000 108 90 72
82.740000 498.020000 67.050000 544.230000 69 65 76
715.180000 494.460000 773.120000 491.270000 123 108 88
786.530000 493.960000 854.310000 485.050000 128 114 97
726.580000 493.400000 785.450000 489.630000 122 107 86
946.810000 492.280000 1034.370000 470.060000 146 129 119
637.640000 492.020000 685.390000 495.190000 110 89 69
420.450000 492.000000 438.570000 512.080000 150 141 138
762.970000 490.970000 827.220000 484.160000 127 116 98
782.630000 489.460000 849.940000 480.580000 91 80 64
224.640000 489.530000 216.420000 524.790000 72 68 68
823.210000 488.720000 892.960000 476.510000 190 172 152
869.940000 488.530000 946.580000 472.830000 99 81 58
642.440000 487.860000 689.880000 490.300000 144 124 101
827.840000 486.330000 898.920000 473.700000 112 94 74
649.410000 484.640000 697.890000 486.440000 176 161 140
183.380000 483.970000 171.940000 522.500000 169 158 138
173.320000 482.950000 161.020000 522.860000 132 120 123
832.140000 480.840000 903.620000 467.850000 107 92 71
174.650000 477.120000 162.630000 516.340000 165 149 153
786.890000 475.100000 837.120000 467.740000 97 86 68
786.890000 475.100000 837.120000 467.740000 97 86 68
180.610000 473.900000 169.310000 512.410000 166 150 138
193.600000 473.410000 183.470000 511.650000 175 159 145
651.770000 471.210000 699.750000 472.180000 219 204 185
671.390000 469.000000 721.180000 468.530000 249 238 222
649.950000 468.520000 696.260000 470.060000 98 80 62
663.210000 467.700000 711.770000 467.740000 51 31 22
874.060000 467.170000 932.070000 452.720000 95 81 64
478.760000 464.850000 502.230000 479.440000 134 118 99
245.270000 464.020000 237.810000 497.640000 81 78 73
660.840000 460.490000 708.220000 460.940000 173 153 148
517.180000 459.210000 545.450000 470.480000 89 84 68
929.500000 459.140000 1009.750000 438.020000 194 180 165
730.630000 459.160000 749.110000 460.710000 79 64 45
273.860000 458.540000 281.970000 488.080000 135 131 127
528.710000 458.090000 521.670000 476.810000 251 242 231
522.240000 457.060000 550.120000 468.280000 44 38 23
773.600000 452.230000 833.380000 443.330000 204 186 166
552.880000 451.720000 584.840000 460.110000 156 145 133
550.390000 450.450000 582.000000 458.670000 209 202 195
818.030000 449.200000 934.160000 426.980000 98 82 64
670.660000 449.070000 717.740000 448.510000 157 146 130
526.840000 448.040000 553.590000 460.600000 81 77 78
1185.700000 446.900000 1169.360000 418.570000 130 138 164
796.870000 446.760000 874.460000 432.810000 123 102 83
176.430000 447.110000 162.000000 485.170000 91 86 94
801.740000 446.170000 862.020000 435.240000 103 82 63
801.740000 446.170000 849.250000 437.810000 103 82 63
805.490000 445.650000 853.150000 437.190000 106 85 66
810.660000 444.890000 874.460000 432.810000 115 94 74
180.550000 444.120000 167.220000 481.540000 104 98 95
821.880000 441.890000 887.020000 428.840000 156 142 119
797.270000 441.960000 859.450000 431.010000 130 110 90
786.190000 441.470000 843.680000 431.420000 190 170 149
373.890000 440.160000 368.520000 464.120000 37 34 39
803.810000 438.370000 866.210000 426.690000 170 151 130
801.400000 437.150000 862.970000 425.570000 93 74 53
385.980000 435.470000 380.180000 459.130000 27 23 25
369.450000 435.290000 362.780000 459.550000 37 34 39
803.700000 435.280000 865.410000 423.410000 195 176 155
783.990000 434.790000 842.720000 425.150000 120 102 81
802.710000 432.570000 863.700000 420.850000 119 101 77
786.620000 432.500000 844.890000 422.390000 190 173 148
780.790000 432.360000 838.870000 422.480000 179 164 142
686.150000 432.650000 733.740000 429.910000 115 105 82
759.610000 431.520000 789.390000 428.820000 165 153 123
509.730000 430.040000 532.950000 445.050000 78 79 83
757.680000 429.470000 813.960000 421.000000 110 99 70
800.240000 428.210000 908.750000 406.350000 97 79 55
876.030000 427.080000 946.110000 409.540000 102 82 55
408.720000 426.010000 401.970000 448.060000 94 89 95
872.570000 425.620000 942.120000 408.230000 186 166 139
800.520000 425.330000 876.730000 410.440000 202 185 161
936.710000 424.370000 1013.910000 401.840000 123 108 99
873.040000 422.530000 942.800000 404.510000 117 97 70
852.470000 421.930000 885.260000 412.990000 198 186 160
936.930000 421.070000 1013.660000 398.860000 182 167 158
799.230000 420.810000 892.130000 401.610000 240 229 206
849.680000 420.480000 916.100000 404.550000 106 94 68
768.720000 420.320000 824.660000 410.850000 234 228 218
875.790000 419.760000 945.430000 401.390000 172 152 125
896.350000 418.990000 967.970000 399.620000 131 111 88
810.940000 418.460000 871.370000 406.170000 247 240 215
871.710000 417.460000 939.620000 399.770000 116 96 69
860.310000 416.690000 927.820000 399.990000 172 155 127
868.690000 415.820000 936.690000 398.430000 166 146 119
936.130000 415.500000 1011.930000 392.790000 176 161 152
834.090000 415.160000 866.550000 407.150000 243 237 210
873.710000 412.070000 940.890000 394.460000 116 96 69
758.420000 411.540000 811.620000 402.140000 123 128 125
778.760000 410.620000 786.730000 410.550000 110 119 117
244.040000 410.550000 234.530000 442.940000 82 75 71
872.300000 409.510000 939.990000 391.660000 184 164 137
862.460000 409.310000 928.950000 391.940000 123 106 78
1274.510000 408.900000 1256.360000 374.480000 101 117 142
756.870000 409.090000 809.390000 399.840000 220 235 230
1266.270000 406.370000 1247.600000 371.930000 74 97 130
865.570000 406.390000 962.000000 381.420000 188 168 141
499.450000 399.710000 518.540000 411.120000 80 81 85
895.350000 398.880000 965.180000 378.550000 118 97 78
906.780000 396.790000 977.520000 375.850000 116 95 76
867.450000 396.210000 933.190000 378.390000 210 190 164
497.830000 394.890000 516.480000 407.040000 92 93 97
863.060000 393.900000 927.340000 376.410000 128 109 88
902.730000 392.490000 972.750000 371.630000 120 99 80
516.320000 392.060000 538.260000 401.890000 29 25 27
516.320000 392.060000 538.260000 401.890000 29 25 27
497.450000 391.860000 515.720000 404.250000 17 18 22
934.650000 389.310000 1008.030000 366.010000 166 151 140
860.800000 389.410000 925.390000 371.890000 141 125 105
234.760000 386.070000 224.130000 418.170000 80 76 75
536.820000 385.440000 559.920000 393.860000 44 44 50
671.920000 383.100000 712.530000 380.910000 159 149 133
661.960000 382.570000 702.490000 380.930000 189 189 185
913.030000 381.670000 982.980000 359.960000 195 175 150
927.530000 379.960000 999.160000 356.620000 168 149 131
308.370000 378.330000 302.910000 404.890000 32 30 27
206.420000 377.190000 190.960000 410.330000 79 79 61
500.990000 375.510000 518.210000 386.730000 29 25 25
671.690000 373.120000 711.610000 370.260000 154 143 133
343.850000 371.050000 337.430000 394.780000 132 132 130
343.850000 371.050000 337.430000 394.780000 132 132 130
517.220000 370.090000 537.000000 379.210000 19 12 13
143.790000 369.930000 127.610000 408.520000 91 210 233
888.980000 369.080000 935.760000 353.670000 115 95 72
861.930000 367.650000 924.430000 349.270000 177 160 141
873.220000 366.950000 937.080000 347.960000 135 115 88
756.310000 366.160000 804.440000 356.970000 199 218 232
859.570000 365.410000 921.180000 347.510000 126 111 92
517.670000 365.060000 537.320000 374.090000 48 42 40
163.140000 365.220000 147.620000 401.780000 145 236 255
907.950000 362.980000 976.120000 340.890000 161 140 123
485.030000 363.070000 499.620000 375.350000 197 179 159
540.540000 361.480000 567.360000 366.590000 22 18 18
549.830000 360.860000 573.590000 366.820000 62 60 59
559.290000 359.040000 583.610000 364.630000 217 206 198
554.860000 359.180000 578.410000 365.620000 172 167 162
794.060000 356.890000 841.980000 345.760000 173 201 225
905.950000 355.000000 972.540000 333.100000 113 92 75
415.550000 354.600000 403.460000 374.650000 41 43 45
558.780000 349.750000 582.790000 354.800000 165 155 147
563.480000 348.090000 587.680000 353.430000 180 170 156
835.830000 347.540000 890.700000 332.130000 188 193 189
855.810000 346.620000 915.350000 328.620000 132 121 100
561.470000 345.470000 584.690000 351.000000 55 44 32
916.610000 339.840000 981.650000 317.390000 162 144 120
925.810000 338.100000 992.490000 314.440000 191 172 157
880.510000 333.700000 942.240000 313.720000 179 160 139
474.920000 332.010000 483.530000 345.340000 187 173 156
868.370000 327.500000 927.530000 307.930000 176 156 141
490.740000 327.190000 492.220000 343.630000 54 40 28
873.040000 324.900000 932.730000 305.060000 205 183 169
290.390000 324.380000 277.240000 352.390000 116 181 221
854.830000 323.920000 912.140000 305.420000 125 116 95
899.010000 321.310000 961.260000 299.690000 99 81 61
899.010000 321.310000 961.260000 299.690000 99 81 61
906.600000 319.630000 968.660000 297.280000 123 104 84
906.600000 319.630000 968.660000 297.280000 123 104 84
926.990000 319.100000 992.550000 294.750000 110 91 75
327.020000 316.110000 318.450000 338.850000 14 44 70
857.170000 313.520000 913.490000 294.950000 115 105 84
672.380000 311.440000 706.670000 306.820000 163 153 147
775.340000 309.160000 820.390000 296.960000 143 145 143
703.910000 308.700000 740.420000 302.000000 86 81 91
880.710000 306.890000 939.700000 285.980000 122 102 87
677.000000 306.620000 710.740000 302.500000 215 205 187
933.080000 305.080000 996.690000 279.340000 67 50 44
858.540000 303.660000 931.250000 278.560000 123 109 92
814.090000 300.540000 835.960000 294.430000 35 40 22
701.260000 300.210000 737.170000 293.710000 33 30 32
925.940000 299.550000 989.580000 274.520000 131 112 101
551.740000 297.790000 570.200000 302.340000 101 90 78
721.840000 294.490000 784.760000 276.080000 79 77 77
726.810000 292.600000 773.080000 280.780000 80 80 74
585.260000 291.180000 599.310000 297.130000 148 137 129
81.760000 289.390000 58.280000 328.850000 173 229 253
876.000000 288.910000 932.040000 268.340000 127 104 87
876.000000 288.910000 932.040000 268.340000 127 104 87
684.770000 287.940000 719.090000 282.720000 135 124 112
818.330000 287.240000 865.510000 271.190000 200 205 196
681.930000 287.160000 715.650000 281.650000 222 212 198
681.930000 287.160000 715.650000 281.650000 222 212 198
745.110000 286.400000 784.760000 276.080000 97 91 92
890.530000 286.070000 949.180000 264.270000 194 176 153
685.870000 285.180000 721.080000 278.470000 229 217 204
814.400000 283.650000 860.800000 268.100000 217 220 216
836.120000 281.710000 885.190000 263.820000 136 132 118
833.570000 279.680000 881.960000 262.580000 239 241 230
756.460000 279.420000 797.090000 268.430000 38 31 32
835.790000 276.820000 884.260000 259.190000 158 155 147
856.560000 276.590000 909.710000 257.190000 154 145 123
602.180000 270.960000 621.550000 273.200000 182 168 150
964.730000 267.870000 1011.100000 243.440000 121 115 111
658.920000 267.220000 687.940000 263.390000 135 124 122
641.340000 265.740000 666.880000 263.120000 141 125 122
420.880000 263.960000 407.950000 281.640000 88 121 166
64.140000 260.740000 38.320000 300.350000 120 169 218
547.550000 259.960000 561.280000 264.860000 177 177 167
853.630000 258.200000 903.930000 239.530000 223 219 211
418.160000 254.690000 404.710000 272.440000 138 167 210
674.110000 251.210000 701.660000 246.570000 186 174 174
865.310000 246.460000 915.520000 226.230000 75 65 40
657.890000 244.790000 682.970000 241.290000 171 155 141
888.010000 243.040000 958.280000 213.490000 117 98 80
481.170000 243.180000 485.870000 253.220000 140 128 116
869.120000 242.120000 919.740000 221.410000 191 178 158
167.450000 239.920000 143.590000 273.290000 129 211 255
656.820000 239.320000 681.590000 235.670000 174 157 142
481.770000 239.930000 485.770000 249.170000 155 143 131
892.140000 238.790000 945.100000 215.910000 187 169 151
861.310000 238.960000 911.740000 218.040000 100 92 74
864.240000 233.190000 914.230000 212.050000 108 98 80
860.300000 231.500000 908.690000 211.330000 169 158 142
508.680000 230.480000 513.880000 238.650000 135 164 190
427.130000 227.040000 411.250000 244.060000 50 96 152
857.700000 223.470000 905.410000 203.190000 203 184 171
637.460000 223.570000 658.480000 220.780000 201 182 171
650.640000 220.100000 672.400000 216.440000 178 160 142
923.290000 218.450000 979.040000 192.320000 169 152 144
342.710000 217.220000 328.190000 236.680000 75 109 146
385.120000 214.970000 368.400000 234.060000 131 167 205
902.250000 214.130000 953.400000 190.370000 99 86 66
397.030000 210.550000 380.780000 229.870000 119 190 243
389.080000 209.740000 372.300000 228.490000 61 108 150
88.060000 209.670000 63.620000 244.230000 145 211 254
394.770000 207.790000 379.090000 226.000000 50 104 157
912.420000 205.510000 964.200000 180.470000 107 88 75
919.620000 203.070000 972.730000 177.130000 111 91 85
916.870000 201.730000 969.010000 176.190000 163 144 132
650.870000 201.280000 671.340000 196.880000 187 168 155
510.080000 198.050000 513.930000 204.900000 83 80 72
797.140000 196.750000 834.710000 180.990000 167 155 152
291.360000 192.060000 269.870000 217.610000 16 89 146
921.780000 189.620000 973.650000 163.390000 143 127 123
371.890000 188.620000 354.100000 207.800000 116 189 235
239.540000 188.500000 215.480000 216.270000 115 166 214
898.730000 187.340000 947.610000 163.050000 127 106 89
589.860000 187.620000 702.840000 146.580000 178 168 154
294.920000 182.870000 272.740000 207.640000 119 186 240
647.210000 181.610000 665.090000 177.450000 189 170 157
897.480000 180.970000 945.380000 156.910000 176 157 139
696.330000 180.240000 720.790000 171.800000 233 223 205
107.320000 180.330000 79.340000 214.170000 137 206 245
711.330000 175.350000 735.960000 166.450000 116 108 93
920.040000 171.410000 969.650000 145.650000 171 154 146
255.440000 168.190000 231.350000 193.670000 79 119 178
883.640000 161.470000 927.680000 138.130000 129 118 120
682.590000 160.820000 703.460000 153.920000 197 184 171
649.540000 160.600000 665.580000 155.510000 136 120 106
913.200000 159.520000 961.210000 133.840000 204 185 174
917.150000 156.080000 964.720000 130.070000 114 97 89
230.690000 151.010000 205.110000 177.440000 58 115 154
295.210000 150.770000 272.980000 172.870000 115 149 190
760.480000 149.310000 788.880000 135.940000 111 105 89
207.870000 139.820000 182.630000 167.190000 140 212 253
877.660000 136.530000 918.440000 113.370000 174 160 147
915.180000 134.200000 953.870000 111.530000 26 15 7
168.380000 132.810000 140.580000 162.570000 116 164 217
335.710000 132.460000 311.390000 151.310000 124 190 237
363.180000 131.860000 341.160000 150.620000 119 182 234
773.520000 129.780000 798.990000 116.730000 123 135 151
797.270000 129.720000 828.570000 113.140000 113 117 107
448.110000 128.100000 438.320000 139.510000 132 191 227
923.390000 126.130000 968.150000 99.410000 39 28 13
321.940000 123.430000 297.450000 143.420000 118 182 229
754.920000 113.640000 777.240000 100.650000 176 195 203
379.420000 113.510000 357.480000 130.000000 60 114 167
219.840000 113.320000 192.680000 139.390000 101 169 224
222.730000 112.730000 195.570000 137.570000 49 122 177
335.960000 110.390000 313.640000 129.270000 57 130 182
839.930000 107.120000 872.490000 87.830000 130 120 99
910.420000 105.430000 952.330000 79.430000 105 94 84
772.640000 88.790000 794.440000 74.400000 134 152 160
499.340000 87.120000 491.670000 94.200000 70 67 72
894.630000 82.240000 932.240000 57.600000 97 78 63
890.390000 74.290000 926.950000 50.140000 189 176 156
844.980000 72.040000 875.450000 51.720000 162 151 139
750.900000 65.900000 767.460000 53.970000 159 179 190
827.570000 65.540000 853.970000 45.350000 164 175 172
790.760000 47.170000 809.560000 32.440000 123 147 167
497.260000 41.270000 485.390000 47.700000 153 142 134
902.140000 34.630000 935.490000 9.210000 130 116 102
776.200000 29.560000 791.900000 15.550000 92 108 130
