634.560000 276.740000 672.890000 372.240000 229 212 202
466.340000 202.980000 465.910000 315.030000 172 203 238
538.520000 455.990000 560.580000 567.890000 238 222 206
536.050000 333.110000 556.660000 433.810000 203 183 170
478.070000 265.120000 481.660000 373.530000 72 140 161
405.900000 453.840000 399.610000 558.690000 78 70 74
343.740000 438.580000 331.310000 543.110000 46 38 61
828.190000 394.760000 934.700000 497.380000 226 211 204
393.000000 344.050000 387.070000 449.650000 97 89 93
503.050000 301.360000 516.670000 406.660000 92 83 95
503.050000 301.360000 516.670000 406.660000 92 83 95
940.920000 186.640000 1008.710000 274.460000 63 53 51
277.680000 322.730000 267.780000 429.540000 84 77 101
694.080000 229.890000 744.970000 323.740000 75 68 71
744.100000 199.460000 797.630000 294.840000 68 61 61
688.640000 203.120000 736.820000 297.650000 221 204 196
763.870000 187.070000 831.120000 276.410000 69 61 60
646.030000 180.000000 684.760000 274.350000 248 241 230
902.550000 144.300000 973.480000 233.670000 90 77 73
882.710000 128.450000 954.790000 217.430000 75 59 58
372.330000 376.450000 363.360000 481.840000 227 214 219
316.440000 330.420000 304.540000 438.870000 255 254 255
587.030000 293.910000 621.030000 388.650000 85 71 74
384.870000 291.960000 377.620000 398.720000 143 148 156
164.000000 269.190000 159.390000 376.120000 66 69 83
319.290000 255.740000 324.530000 362.150000 121 190 215
714.960000 243.430000 772.300000 335.400000 253 251 250
573.450000 238.280000 594.780000 337.190000 220 208 198
899.680000 232.290000 981.710000 318.150000 99 79 74
753.030000 222.780000 813.450000 315.550000 250 253 255
960.400000 108.860000 1013.910000 200.590000 156 140 134
872.100000 99.630000 940.300000 187.290000 139 122 114
893.620000 92.240000 959.080000 183.320000 54 41 39
888.770000 50.270000 947.910000 145.180000 79 61 61
401.130000 487.940000 401.100000 601.680000 255 250 254
409.110000 432.510000 402.920000 538.450000 81 72 74
433.740000 339.400000 433.670000 442.410000 86 76 86
560.430000 311.050000 583.230000 411.990000 76 68 73
383.540000 291.200000 377.620000 398.720000 140 143 152
506.490000 203.150000 507.810000 311.550000 87 119 143
294.190000 177.150000 301.080000 290.370000 254 252 255
415.120000 165.580000 420.140000 278.430000 252 249 255
957.900000 142.960000 1016.600000 233.430000 161 145 141
957.900000 142.960000 1016.600000 233.430000 161 145 141
869.960000 63.800000 932.860000 153.310000 114 101 96
869.610000 29.890000 929.390000 125.250000 163 146 140
572.590000 448.470000 602.750000 558.750000 67 55 43
214.010000 376.130000 198.690000 482.380000 115 110 124
83.990000 348.470000 68.220000 457.620000 101 88 99
83.990000 348.470000 68.220000 457.620000 101 88 99
332.870000 345.790000 322.460000 452.120000 75 72 85
352.640000 342.530000 344.340000 447.950000 253 252 254
188.850000 290.930000 183.100000 400.540000 33 37 56
692.420000 266.890000 744.350000 360.880000 131 127 127
692.420000 266.890000 744.350000 360.880000 131 127 127
449.050000 238.010000 452.450000 342.860000 174 184 198
833.420000 235.770000 925.630000 320.000000 233 217 205
398.290000 232.990000 402.270000 339.980000 208 236 252
894.610000 171.260000 969.620000 259.720000 92 71 70
894.610000 171.260000 969.620000 259.720000 92 71 70
904.230000 112.590000 969.380000 203.170000 164 142 145
902.870000 68.550000 962.400000 161.960000 148 132 130
734.460000 68.060000 780.950000 165.980000 163 156 159
854.830000 57.600000 920.130000 147.230000 137 122 120
581.590000 58.010000 602.020000 170.450000 218 217 221
632.160000 677.850000 763.720000 897.530000 56 42 59
368.070000 470.570000 360.120000 581.550000 106 99 95
173.590000 456.020000 150.260000 567.940000 103 98 114
524.280000 417.140000 542.320000 523.630000 221 215 206
563.930000 381.480000 588.270000 487.510000 106 98 102
184.470000 278.010000 180.450000 387.570000 205 215 232
479.480000 276.580000 478.550000 381.500000 249 251 254
678.420000 257.120000 728.860000 355.020000 249 240 238
678.420000 257.120000 728.860000 355.020000 249 240 238
370.240000 235.440000 372.570000 344.240000 245 253 255
336.970000 215.180000 340.380000 324.110000 80 98 119
581.900000 149.570000 607.440000 250.650000 248 246 255
945.280000 83.460000 996.800000 176.120000 56 45 45
853.750000 83.480000 924.710000 173.100000 140 126 129
832.420000 78.950000 903.930000 168.850000 239 228 239
395.650000 71.160000 408.610000 191.910000 239 254 255
394.570000 501.420000 397.080000 617.420000 66 67 72
434.300000 476.940000 437.050000 587.130000 125 157 66
343.400000 467.920000 331.470000 575.820000 154 152 137
229.690000 452.550000 207.900000 564.410000 44 37 54
505.790000 416.510000 828.810000 557.620000 82 78 76
675.170000 415.210000 733.490000 519.430000 239 219 207
258.680000 413.240000 241.760000 521.170000 18 13 27
490.930000 380.020000 487.110000 482.470000 58 55 60
562.220000 337.170000 586.230000 437.480000 58 50 56
562.380000 325.260000 585.750000 427.260000 53 46 47
375.650000 324.510000 369.630000 430.760000 202 195 194
94.440000 301.800000 85.220000 408.590000 47 42 59
209.920000 300.670000 201.770000 410.780000 208 251 254
175.000000 293.310000 167.440000 401.260000 150 150 174
94.980000 289.100000 87.790000 397.170000 50 45 61
377.080000 267.110000 378.990000 374.800000 103 117 139
446.120000 246.130000 449.460000 350.860000 100 109 115
737.540000 217.250000 796.140000 310.220000 84 81 84
655.290000 198.670000 697.800000 293.890000 68 58 35
655.290000 198.670000 697.800000 293.890000 68 58 35
790.530000 184.130000 861.970000 272.480000 56 46 32
784.320000 177.550000 854.350000 265.300000 254 246 241
562.980000 171.870000 584.420000 273.580000 198 214 230
562.980000 171.870000 584.420000 273.580000 198 214 230
902.310000 160.800000 973.740000 247.270000 138 123 117
902.310000 160.800000 973.740000 247.270000 138 123 117
911.200000 156.580000 982.230000 243.010000 100 83 85
285.280000 149.750000 293.560000 263.830000 242 245 248
598.660000 129.400000 623.560000 235.150000 253 251 255
360.190000 82.350000 369.470000 203.900000 111 214 220
832.760000 78.170000 904.550000 168.090000 239 228 239
921.930000 65.500000 976.860000 160.450000 75 63 51
378.140000 448.950000 366.410000 556.820000 247 234 223
377.870000 417.440000 367.750000 524.480000 228 211 206
265.250000 405.930000 248.920000 513.970000 107 101 121
384.300000 400.500000 375.040000 506.930000 78 63 55
352.850000 363.760000 341.180000 470.130000 149 149 185
352.850000 363.760000 341.180000 470.130000 149 149 185
159.130000 337.580000 147.480000 445.650000 41 31 49
293.490000 327.710000 282.800000 435.420000 132 153 189
258.740000 305.780000 248.210000 414.840000 254 253 255
200.000000 300.230000 193.230000 409.960000 13 27 64
472.480000 288.380000 468.830000 394.040000 243 245 249
437.290000 284.660000 438.220000 390.450000 241 253 255
174.110000 275.680000 170.770000 385.910000 50 54 87
92.870000 275.880000 87.110000 383.380000 64 61 74
138.420000 264.130000 134.820000 374.160000 69 61 94
276.590000 259.460000 277.260000 366.430000 246 253 255
673.810000 242.370000 722.210000 335.510000 217 211 205
696.030000 241.010000 745.830000 334.310000 43 40 53
446.590000 234.410000 450.430000 340.750000 102 107 115
572.080000 215.990000 595.230000 316.490000 83 80 83
25.970000 205.920000 29.510000 315.820000 89 80 93
673.380000 194.640000 717.090000 289.990000 206 193 195
295.270000 192.840000 298.760000 302.720000 85 120 128
667.370000 190.710000 710.190000 286.530000 45 34 35
667.370000 190.710000 710.190000 286.530000 45 34 35
914.250000 184.230000 987.770000 270.050000 43 34 28
918.080000 177.520000 990.550000 262.710000 220 214 210
672.360000 177.410000 714.710000 274.120000 254 250 232
106.330000 175.540000 113.500000 288.880000 141 166 194
777.820000 168.070000 846.930000 256.370000 58 44 21
777.820000 168.070000 846.930000 256.370000 58 44 21
918.100000 161.060000 988.160000 247.380000 212 204 208
301.640000 147.780000 309.640000 262.100000 251 250 255
954.190000 132.540000 1012.070000 223.060000 180 164 161
902.570000 107.790000 967.230000 197.950000 145 129 125
946.850000 106.440000 1001.330000 196.860000 60 48 43
877.150000 93.460000 943.950000 183.230000 163 144 149
840.450000 87.220000 913.350000 175.500000 86 73 68
448.580000 78.080000 458.150000 198.510000 234 255 255
954.120000 76.210000 1003.390000 171.200000 178 170 161
587.850000 67.930000 611.270000 177.600000 195 183 185
921.210000 63.460000 975.380000 157.350000 69 57 45
911.030000 58.770000 967.380000 153.580000 90 72 69
544.490000 46.890000 562.660000 164.090000 254 247 254
856.540000 42.890000 920.920000 136.620000 87 71 67
856.540000 42.890000 920.920000 136.620000 87 71 67
562.890000 38.970000 582.910000 153.300000 250 250 255
575.380000 16.720000 595.170000 136.020000 244 249 255
900.240000 14.190000 952.610000 113.570000 142 130 124
237.820000 452.890000 216.500000 563.090000 155 148 163
667.970000 427.190000 725.270000 531.960000 86 64 62
301.960000 426.530000 285.570000 535.530000 92 84 111
354.980000 404.310000 340.190000 510.730000 124 120 139
105.710000 385.900000 85.620000 497.090000 114 98 116
105.710000 385.900000 85.620000 497.090000 114 98 116
594.850000 374.250000 627.290000 475.380000 90 88 95
347.600000 349.820000 335.780000 457.020000 62 61 75
669.230000 333.690000 721.000000 432.090000 86 84 85
349.890000 322.700000 345.030000 428.220000 112 113 115
349.890000 322.700000 345.030000 428.220000 112 113 115
254.160000 321.180000 244.180000 428.930000 71 72 86
292.420000 320.130000 282.200000 427.470000 152 159 193
582.010000 315.960000 609.620000 415.380000 65 64 69
563.720000 316.460000 587.330000 416.890000 66 59 63
335.790000 310.730000 331.930000 417.140000 77 87 98
176.710000 291.900000 171.470000 399.710000 156 155 180
386.130000 266.130000 386.970000 373.330000 176 193 224
137.920000 253.710000 135.770000 363.340000 52 44 77
137.920000 253.710000 135.770000 363.340000 52 44 77
884.050000 250.920000 970.160000 335.820000 179 153 148
672.920000 250.910000 721.130000 347.310000 212 205 201
677.890000 248.290000 726.740000 342.740000 57 47 44
11.400000 237.710000 9.610000 346.740000 151 139 147
727.260000 226.510000 786.270000 316.490000 214 236 253
393.140000 215.450000 396.010000 321.470000 81 109 148
717.110000 205.220000 770.930000 298.380000 59 49 6
313.950000 200.700000 320.110000 312.070000 98 123 159
915.780000 194.010000 989.980000 280.070000 181 169 170
554.780000 189.500000 575.000000 291.270000 68 76 79
662.590000 186.310000 704.990000 282.040000 255 252 239
958.100000 181.640000 1025.490000 269.600000 55 48 42
358.620000 181.660000 362.900000 293.500000 209 255 255
554.060000 178.980000 574.010000 281.870000 61 69 75
884.930000 178.010000 961.980000 263.560000 150 129 128
666.040000 178.140000 708.420000 275.370000 74 61 72
666.040000 178.140000 708.420000 275.370000 74 61 72
111.010000 170.100000 121.310000 285.060000 94 103 123
584.900000 162.270000 609.960000 264.770000 242 254 255
921.520000 155.680000 988.960000 242.320000 60 48 53
294.430000 156.380000 302.720000 268.730000 240 253 255
294.430000 156.380000 302.720000 268.730000 240 253 255
606.960000 138.510000 636.240000 242.960000 245 245 252
496.390000 131.810000 499.080000 245.740000 224 255 255
252.810000 119.060000 264.370000 235.990000 63 128 141
347.270000 117.870000 356.110000 234.950000 112 144 155
347.270000 117.870000 356.110000 234.950000 112 144 155
839.850000 116.440000 917.170000 202.820000 57 35 43
256.210000 114.060000 268.030000 231.470000 212 255 255
604.290000 101.500000 632.130000 205.490000 137 126 126
604.290000 101.500000 632.130000 205.490000 137 126 126
929.980000 98.760000 988.150000 190.130000 72 62 57
565.380000 88.560000 585.370000 198.910000 244 249 254
935.070000 84.720000 989.020000 178.180000 145 131 132
864.540000 48.910000 929.390000 142.000000 98 77 76
605.610000 31.040000 629.810000 144.320000 255 253 251
894.420000 21.090000 949.450000 118.750000 62 49 44
366.360000 482.760000 358.920000 594.680000 236 233 245
273.360000 467.780000 255.340000 578.840000 51 50 63
273.000000 452.180000 254.000000 562.320000 40 35 53
273.000000 452.180000 254.000000 562.320000 40 35 53
207.530000 440.860000 186.020000 551.160000 88 79 84
207.530000 440.860000 186.020000 551.160000 88 79 84
366.570000 433.160000 353.990000 540.580000 212 203 213
271.340000 430.650000 254.720000 539.920000 210 200 216
274.330000 427.140000 257.940000 535.990000 36 26 42
258.750000 424.870000 242.910000 534.740000 123 119 130
366.650000 424.220000 354.680000 530.480000 240 230 243
405.160000 423.730000 394.990000 530.370000 111 98 101
373.360000 419.050000 362.150000 526.650000 247 229 227
366.650000 415.700000 354.940000 522.200000 233 223 235
362.570000 410.060000 350.360000 515.070000 84 76 97
270.030000 409.610000 252.890000 517.670000 23 15 34
366.690000 409.530000 355.020000 516.120000 223 212 228
462.290000 406.840000 462.310000 510.840000 132 123 100
287.040000 401.940000 271.400000 509.090000 28 23 44
236.750000 401.280000 219.040000 509.180000 45 44 59
667.080000 400.710000 722.860000 502.710000 105 84 75
667.080000 400.710000 722.860000 502.710000 105 84 75
382.780000 398.910000 373.810000 505.890000 80 64 54
375.230000 396.540000 365.450000 503.040000 158 142 139
366.370000 386.370000 356.050000 492.520000 240 230 246
555.780000 386.090000 581.000000 490.990000 255 248 233
362.430000 385.700000 351.780000 491.740000 87 79 100
138.570000 384.940000 119.900000 495.570000 97 82 96
117.530000 382.420000 98.230000 493.070000 115 102 115
963.340000 377.930000 1143.650000 474.730000 146 139 117
365.950000 374.970000 356.260000 480.980000 196 195 210
286.250000 372.530000 272.550000 480.320000 71 69 88
319.390000 371.260000 307.390000 477.680000 120 117 132
294.840000 369.470000 282.110000 476.350000 77 75 84
215.830000 362.250000 200.630000 470.360000 74 69 83
257.710000 356.980000 244.450000 465.160000 147 144 157
378.640000 349.450000 371.490000 452.850000 218 211 210
378.640000 349.450000 371.490000 452.850000 218 211 210
351.960000 347.470000 340.550000 454.390000 255 254 255
338.480000 342.570000 327.800000 448.710000 56 54 64
338.480000 342.570000 327.800000 448.710000 56 54 64
368.890000 336.980000 363.500000 441.720000 239 228 229
404.380000 333.710000 403.980000 438.680000 144 142 140
576.340000 324.880000 604.410000 424.620000 220 220 217
553.710000 318.760000 576.940000 420.110000 84 69 61
598.190000 313.810000 631.070000 411.870000 254 252 252
258.930000 306.740000 248.210000 414.840000 251 250 254
599.030000 298.410000 631.470000 397.300000 255 247 248
520.450000 294.550000 535.970000 397.120000 231 220 220
601.990000 291.690000 634.760000 390.660000 69 57 53
436.600000 290.630000 439.420000 395.140000 119 126 123
597.380000 288.420000 629.480000 387.080000 229 218 208
411.730000 284.450000 410.330000 390.050000 231 240 247
411.730000 284.450000 410.330000 390.050000 231 240 247
599.520000 277.000000 631.790000 375.350000 110 94 80
384.740000 273.580000 385.830000 379.880000 238 255 255
709.990000 263.080000 765.370000 357.180000 199 236 255
372.520000 261.610000 374.690000 368.380000 75 89 111
727.410000 226.130000 786.270000 316.490000 214 236 253
566.340000 226.170000 589.200000 326.710000 247 254 255
686.650000 223.450000 736.090000 317.260000 69 58 42
344.820000 214.490000 347.830000 323.780000 82 116 137
479.290000 207.040000 483.800000 315.260000 92 118 154
364.210000 206.770000 366.830000 317.830000 219 255 255
915.720000 193.940000 989.980000 280.070000 176 164 165
727.120000 193.000000 783.140000 285.420000 255 253 224
909.220000 187.160000 983.240000 272.890000 186 175 166
667.880000 183.410000 710.550000 279.230000 247 237 236
910.170000 179.060000 983.630000 265.320000 193 183 170
338.220000 172.670000 342.870000 285.260000 86 166 196
577.040000 169.120000 599.860000 273.320000 216 247 255
708.720000 166.530000 750.650000 266.040000 228 212 212
576.850000 158.440000 599.330000 261.430000 242 242 251
353.480000 158.150000 361.550000 273.120000 79 129 143
920.920000 155.630000 988.960000 242.320000 58 45 50
670.330000 151.520000 711.820000 246.920000 232 222 219
481.260000 141.550000 485.970000 254.640000 229 255 255
345.330000 131.420000 354.400000 246.560000 131 136 145
895.280000 126.770000 963.300000 214.390000 74 57 47
411.120000 123.050000 419.040000 237.560000 75 118 147
411.640000 116.540000 419.470000 232.010000 221 255 255
694.300000 108.440000 735.680000 206.310000 85 83 82
450.810000 108.680000 458.930000 224.880000 74 144 163
669.700000 107.070000 708.390000 207.140000 240 232 227
815.680000 104.460000 886.180000 193.390000 247 232 222
554.250000 99.740000 572.760000 211.200000 83 75 86
321.510000 90.630000 332.930000 210.840000 84 145 178
240.980000 87.220000 255.940000 208.100000 203 203 203
521.970000 83.800000 537.190000 198.380000 199 199 211
443.140000 81.410000 452.820000 200.980000 157 192 210
443.140000 81.410000 452.820000 200.980000 157 192 210
854.230000 80.920000 923.710000 170.430000 137 123 126
929.860000 78.520000 985.150000 172.060000 142 129 130
848.350000 78.560000 919.070000 167.840000 135 122 125
834.920000 73.960000 906.450000 163.620000 198 187 198
912.880000 73.210000 969.650000 166.450000 106 91 79
916.230000 67.920000 971.540000 162.260000 158 142 139
481.360000 61.110000 491.360000 182.700000 187 255 255
693.150000 38.140000 730.280000 144.680000 81 77 79
691.980000 30.430000 729.000000 136.890000 129 127 134
859.750000 28.720000 921.720000 124.590000 180 166 153
859.750000 28.720000 921.720000 124.590000 180 166 153
572.690000 11.220000 593.720000 128.520000 48 47 56
767.490000 519.580000 730.040000 619.580000 129 110 103
401.370000 510.000000 407.430000 627.490000 193 187 198
503.520000 498.200000 525.000000 612.450000 55 45 37
413.300000 493.010000 417.790000 608.020000 252 255 253
420.040000 491.010000 424.980000 603.900000 249 253 248
251.830000 488.720000 235.890000 604.870000 84 79 108
416.440000 481.610000 420.900000 595.110000 52 53 43
350.740000 479.900000 340.990000 591.750000 245 244 251
350.740000 479.900000 340.990000 591.750000 245 244 251
272.310000 463.820000 254.310000 574.770000 178 175 190
272.310000 463.820000 254.310000 574.770000 178 175 190
457.480000 461.610000 456.730000 569.290000 58 46 39
241.890000 450.710000 220.750000 560.580000 67 60 75
234.780000 449.340000 213.750000 559.590000 46 36 54
461.680000 441.470000 461.060000 548.320000 80 69 57
490.310000 437.980000 485.130000 543.740000 21 13 13
230.280000 432.300000 210.750000 542.480000 124 118 130
374.960000 424.200000 364.240000 531.270000 137 119 117
291.400000 423.970000 274.220000 531.290000 105 94 118
282.390000 421.760000 263.490000 529.260000 26 16 35
457.100000 418.150000 455.920000 523.380000 91 80 66
436.760000 417.600000 431.950000 523.570000 80 75 55
366.600000 415.930000 354.940000 522.200000 233 223 235
363.020000 416.550000 350.350000 523.130000 67 60 77
287.360000 410.110000 271.440000 517.670000 25 16 35
261.950000 409.470000 244.940000 517.260000 28 22 42
246.660000 405.110000 229.930000 513.570000 115 110 126
246.660000 405.110000 229.930000 513.570000 115 110 126
419.070000 402.120000 425.340000 508.780000 209 202 198
667.330000 396.720000 722.500000 497.590000 93 72 63
673.160000 394.980000 727.240000 496.740000 107 87 82
658.560000 394.620000 711.040000 496.250000 255 238 231
673.770000 391.540000 728.850000 492.990000 251 244 242
362.500000 391.440000 351.580000 497.800000 94 86 107
137.650000 390.970000 118.280000 501.720000 90 77 88
668.070000 390.050000 722.950000 491.130000 91 70 61
559.130000 389.840000 584.390000 493.320000 127 115 109
717.870000 388.910000 787.620000 488.620000 220 208 203
375.390000 379.960000 365.750000 488.030000 163 150 151
312.260000 379.260000 299.340000 485.760000 108 104 125
269.470000 379.070000 254.400000 486.420000 60 57 83
112.280000 378.650000 93.270000 489.560000 109 96 110
112.280000 378.650000 93.270000 489.560000 109 96 110
369.550000 376.450000 360.280000 483.440000 173 161 167
318.690000 375.840000 306.170000 482.370000 65 62 79
139.230000 375.250000 121.510000 484.970000 35 19 36
361.920000 373.710000 351.880000 480.210000 74 77 94
964.290000 371.210000 1144.240000 469.510000 210 202 183
238.370000 369.700000 225.150000 477.480000 138 133 149
486.090000 367.950000 481.700000 472.000000 76 68 71
302.100000 368.030000 289.570000 475.040000 43 41 50
112.690000 367.960000 95.410000 478.170000 33 23 36
351.680000 366.430000 339.940000 472.510000 140 141 165
500.130000 366.030000 496.200000 470.200000 61 53 60
482.310000 366.110000 478.270000 469.310000 143 131 137
465.910000 364.470000 519.990000 463.670000 77 69 71
430.360000 362.860000 428.790000 466.080000 193 187 177
499.810000 362.100000 510.170000 464.810000 75 68 71
467.730000 361.310000 521.520000 460.120000 149 142 138
823.320000 357.130000 877.760000 458.970000 123 108 97
687.940000 352.280000 744.800000 449.730000 161 152 153
295.320000 348.090000 285.190000 455.030000 146 143 160
342.660000 345.360000 331.600000 451.890000 250 247 254
342.660000 345.360000 331.600000 451.890000 250 247 254
734.470000 338.430000 802.420000 433.930000 118 111 114
416.400000 336.940000 415.490000 442.150000 226 226 224
731.190000 335.690000 798.870000 430.420000 255 253 254
742.830000 329.820000 811.600000 424.180000 56 66 56
377.980000 325.960000 371.880000 431.490000 219 213 209
555.260000 323.560000 578.390000 424.690000 255 249 242
567.350000 316.590000 591.160000 416.980000 123 120 123
340.790000 311.680000 337.380000 417.710000 239 249 254
595.550000 311.060000 627.820000 409.760000 93 92 96
209.790000 310.130000 200.970000 417.490000 104 111 131
550.490000 307.870000 573.150000 409.510000 246 234 221
576.960000 302.380000 604.110000 401.930000 154 142 145
595.050000 297.110000 627.300000 394.940000 66 56 63
603.390000 286.720000 635.990000 385.350000 253 242 234
600.440000 284.450000 632.630000 382.360000 106 92 81
588.600000 280.430000 617.590000 379.770000 252 245 229
604.020000 277.360000 635.590000 374.700000 235 219 207
697.470000 266.280000 749.200000 359.770000 60 56 64
671.480000 256.620000 718.970000 351.060000 252 245 241
728.810000 253.320000 789.680000 345.150000 219 236 248
682.530000 251.460000 732.970000 345.310000 242 235 236
726.020000 251.180000 785.230000 342.620000 83 92 109
689.590000 248.730000 740.300000 342.140000 176 172 175
548.050000 243.480000 567.940000 344.970000 252 244 238
740.430000 236.860000 801.190000 328.210000 90 89 93
725.390000 222.060000 783.650000 313.420000 66 62 83
728.650000 212.370000 786.700000 304.030000 227 213 220
730.520000 209.060000 789.260000 300.320000 54 40 47
559.330000 203.790000 580.130000 308.530000 190 217 237
722.690000 196.220000 783.140000 285.420000 255 247 211
911.420000 195.260000 986.180000 281.500000 112 99 95
768.280000 194.300000 810.260000 295.850000 151 140 141
642.870000 194.220000 679.780000 290.950000 195 181 168
797.580000 187.920000 871.090000 275.530000 228 216 205
286.010000 178.210000 291.930000 291.460000 251 248 254
480.060000 175.880000 482.700000 286.910000 77 110 132
912.860000 175.430000 984.930000 261.620000 111 99 89
342.220000 172.420000 347.020000 285.690000 183 254 255
549.380000 166.190000 568.180000 271.080000 130 120 117
434.980000 163.340000 441.410000 275.350000 53 123 143
334.800000 162.540000 341.090000 275.720000 73 172 197
303.520000 161.280000 311.010000 273.710000 118 152 171
778.700000 160.380000 845.400000 250.230000 255 246 228
570.860000 145.190000 593.600000 248.990000 148 146 137
842.650000 127.940000 919.990000 214.420000 151 132 137
631.550000 126.630000 664.710000 228.160000 193 178 169
631.550000 126.630000 664.710000 228.160000 193 178 169
586.000000 126.500000 610.570000 230.760000 253 250 244
443.600000 124.180000 450.110000 240.660000 198 254 255
601.480000 109.230000 628.380000 214.000000 166 155 155
635.910000 107.820000 669.870000 210.530000 248 236 224
459.000000 105.520000 465.430000 222.630000 204 252 254
637.520000 104.900000 671.020000 206.950000 205 193 182
423.400000 102.700000 431.310000 220.490000 165 193 203
388.470000 99.580000 398.860000 217.820000 232 253 254
588.590000 95.320000 614.030000 201.380000 184 169 169
433.510000 93.160000 440.080000 211.750000 230 255 255
563.940000 92.090000 584.770000 200.460000 241 250 255
563.940000 92.090000 584.770000 200.460000 241 250 255
380.080000 87.080000 391.510000 206.100000 137 171 180
380.080000 87.080000 391.510000 206.100000 137 171 180
316.380000 86.460000 328.880000 207.410000 101 180 199
325.030000 85.560000 336.630000 206.530000 211 254 255
513.500000 78.090000 528.840000 192.340000 233 252 255
560.270000 52.360000 579.590000 166.700000 141 161 179
900.180000 51.600000 957.010000 147.190000 91 69 67
879.710000 38.940000 939.490000 134.700000 138 117 115
870.090000 33.890000 930.500000 129.170000 188 168 160
895.060000 28.070000 950.470000 125.450000 84 67 59
641.520000 26.080000 672.310000 137.170000 255 250 245
561.490000 17.480000 581.590000 135.540000 96 83 87
694.300000 665.120000 766.280000 823.250000 165 144 137
734.210000 547.920000 864.830000 702.080000 240 225 214
644.750000 539.280000 540.890000 612.910000 228 217 207
115.320000 525.200000 76.460000 656.860000 146 138 143
851.810000 516.280000 983.680000 653.080000 149 125 109
400.510000 509.260000 407.430000 627.490000 190 184 195
736.690000 507.390000 845.320000 636.800000 143 150 141
233.600000 506.390000 217.280000 627.340000 121 116 154
490.450000 503.890000 510.840000 618.990000 240 227 223
377.060000 493.490000 374.400000 606.990000 107 107 127
778.580000 491.550000 878.970000 621.590000 169 140 120
255.200000 489.530000 239.950000 605.300000 62 56 89
359.550000 488.160000 348.110000 597.620000 75 69 103
254.920000 486.450000 239.280000 601.560000 93 87 116
362.510000 485.030000 355.670000 597.370000 79 74 102
353.100000 482.490000 344.210000 593.960000 73 70 82
373.340000 481.870000 368.570000 594.100000 230 224 236
195.090000 479.680000 172.840000 596.520000 72 72 81
942.450000 479.220000 1060.400000 599.140000 132 116 112
353.920000 477.490000 344.800000 588.900000 79 77 84
462.790000 472.330000 462.140000 580.780000 80 87 41
274.830000 470.830000 257.350000 582.920000 98 96 115
269.130000 465.680000 250.220000 576.910000 66 65 80
370.950000 452.240000 358.040000 559.510000 167 157 155
460.340000 448.340000 460.030000 556.070000 76 64 59
385.090000 448.520000 374.610000 556.040000 143 131 121
911.600000 447.450000 1025.930000 556.060000 192 176 164
233.880000 446.060000 214.230000 556.140000 90 80 98
847.060000 441.730000 968.230000 554.200000 114 93 84
842.860000 441.740000 964.630000 554.060000 171 151 140
312.330000 439.460000 295.730000 547.830000 35 31 49
236.150000 439.230000 217.490000 549.180000 58 51 66
496.190000 438.390000 491.960000 543.670000 26 17 22
502.190000 437.880000 497.250000 543.320000 32 23 30
850.520000 434.560000 1016.260000 547.170000 139 118 109
372.680000 428.170000 361.410000 535.720000 244 226 224
794.450000 426.900000 854.450000 531.000000 181 160 143
370.230000 409.970000 359.310000 516.320000 191 175 175
611.070000 409.380000 635.700000 516.060000 244 233 225
249.530000 408.270000 231.260000 516.540000 48 43 59
360.600000 394.590000 348.800000 501.550000 136 129 149
998.600000 387.150000 1045.320000 493.930000 144 132 120
827.360000 386.520000 861.290000 492.640000 167 146 139
497.820000 381.730000 493.950000 486.230000 104 98 107
353.480000 381.500000 341.540000 488.030000 52 48 67
372.100000 379.250000 363.080000 484.950000 251 242 245
584.740000 378.280000 614.460000 480.480000 57 59 59
136.690000 377.660000 120.580000 488.630000 85 70 85
239.090000 374.950000 250.410000 483.880000 124 121 136
437.450000 374.100000 436.520000 478.850000 189 182 159
493.440000 371.660000 489.580000 476.150000 98 92 99
324.230000 369.420000 311.010000 476.170000 66 63 80
488.510000 365.370000 483.640000 469.650000 104 96 99
361.980000 365.520000 352.770000 471.050000 114 123 149
485.910000 362.540000 482.060000 467.020000 81 69 74
277.420000 361.020000 264.710000 468.770000 47 48 60
785.790000 359.320000 835.910000 461.870000 168 148 142
690.960000 359.560000 749.590000 457.610000 198 187 176
790.260000 358.230000 818.300000 465.330000 174 153 144
271.110000 353.260000 259.220000 460.380000 184 181 194
299.900000 351.990000 288.590000 459.490000 80 76 96
726.020000 349.970000 794.730000 445.790000 174 171 171
815.250000 347.920000 894.210000 444.240000 172 146 137
791.460000 345.350000 879.040000 438.480000 166 140 127
766.570000 339.010000 844.380000 432.690000 166 153 154
418.030000 334.040000 417.060000 439.070000 96 97 97
733.650000 333.550000 801.500000 428.160000 111 104 104
412.450000 333.570000 411.410000 439.340000 93 93 91
574.510000 328.030000 602.480000 428.020000 73 73 75
692.960000 326.400000 748.450000 420.600000 77 76 70
793.010000 325.350000 878.200000 416.960000 253 246 241
588.450000 320.850000 617.980000 420.700000 93 94 101
828.530000 319.740000 924.750000 409.180000 250 236 226
551.370000 315.910000 574.670000 416.750000 250 238 227
405.230000 312.270000 405.150000 419.260000 217 217 214
813.190000 304.060000 904.580000 392.680000 164 139 130
816.270000 300.970000 907.320000 390.010000 229 208 199
447.520000 299.900000 449.930000 404.190000 89 88 71
817.490000 297.650000 907.840000 386.650000 181 156 147
832.900000 295.360000 928.510000 383.180000 234 221 212
851.720000 293.790000 949.330000 381.120000 147 125 129
801.880000 292.720000 887.940000 381.540000 247 232 221
445.690000 288.230000 447.440000 393.650000 100 102 100
835.980000 286.950000 932.270000 373.940000 196 176 167
812.880000 285.780000 901.240000 374.050000 181 162 151
833.550000 282.920000 928.720000 369.840000 181 161 151
823.650000 282.000000 915.830000 368.990000 165 145 134
603.360000 281.890000 635.970000 379.090000 239 222 212
826.770000 279.030000 918.390000 365.780000 253 236 223
824.280000 279.100000 918.390000 365.780000 249 232 221
838.350000 276.700000 934.330000 362.890000 168 148 143
599.150000 273.070000 630.980000 370.880000 248 235 222
834.940000 268.490000 930.210000 354.030000 185 165 155
829.320000 268.530000 921.450000 355.140000 247 239 224
719.510000 257.140000 754.570000 359.680000 162 220 237
674.590000 250.060000 722.840000 345.140000 252 247 244
729.300000 249.110000 789.660000 339.650000 241 240 244
671.130000 246.540000 718.420000 341.080000 249 247 237
622.660000 246.370000 657.560000 343.610000 190 172 169
801.890000 245.800000 884.720000 332.520000 203 187 175
802.020000 245.750000 884.720000 332.520000 189 173 161
883.980000 240.090000 969.620000 325.150000 186 160 157
558.090000 234.630000 577.700000 337.390000 251 248 254
682.650000 233.660000 731.810000 327.920000 142 135 134
845.000000 232.440000 936.160000 317.830000 153 133 122
561.940000 231.600000 583.780000 332.240000 231 227 235
473.220000 218.560000 474.670000 326.690000 76 119 134
342.330000 217.230000 346.540000 326.850000 209 224 240
850.960000 216.570000 938.330000 301.160000 152 132 127
304.960000 213.380000 310.100000 322.780000 114 129 149
834.750000 212.540000 922.610000 297.200000 174 155 140
737.790000 211.650000 797.890000 302.260000 105 102 105
263.600000 209.380000 269.260000 318.780000 116 156 162
749.760000 204.850000 810.260000 295.850000 121 113 114
755.110000 201.700000 814.620000 293.370000 142 136 149
784.320000 190.710000 855.210000 279.120000 109 102 110
830.530000 188.870000 913.580000 274.060000 251 238 220
777.850000 186.350000 846.190000 274.380000 81 70 67
794.520000 183.920000 868.200000 270.290000 140 129 115
657.440000 183.970000 698.380000 280.320000 229 218 206
873.570000 177.750000 952.390000 263.200000 107 84 78
641.680000 176.300000 678.410000 273.980000 223 208 199
108.800000 172.580000 116.050000 285.960000 147 167 190
345.540000 172.110000 349.990000 284.590000 120 189 216
653.840000 171.520000 692.880000 268.950000 244 228 224
336.510000 167.120000 341.310000 279.600000 177 249 253
687.610000 166.510000 732.630000 262.690000 252 250 218
463.590000 166.630000 470.120000 276.360000 198 236 245
670.700000 164.320000 712.930000 260.860000 217 207 209
489.550000 160.830000 493.870000 271.780000 131 171 180
436.520000 161.050000 441.910000 271.290000 182 245 249
657.810000 151.350000 698.460000 248.780000 193 180 185
593.130000 139.460000 617.970000 242.890000 56 53 61
697.560000 136.350000 743.200000 233.150000 249 240 234
752.000000 134.500000 809.450000 227.020000 242 228 233
534.600000 133.190000 552.050000 240.800000 247 239 233
341.940000 116.360000 351.030000 233.060000 246 255 255
346.000000 113.670000 354.940000 230.240000 221 251 253
879.500000 106.160000 947.840000 195.650000 92 77 70
628.940000 105.960000 659.960000 208.640000 247 233 224
637.710000 101.860000 670.000000 204.090000 241 231 221
435.040000 96.090000 442.640000 214.390000 169 202 205
517.960000 84.860000 532.640000 199.440000 116 126 145
827.010000 79.500000 897.620000 169.430000 251 238 249
543.240000 76.520000 562.000000 190.600000 193 185 182
756.390000 63.660000 809.420000 160.520000 180 176 174
836.000000 63.180000 905.670000 153.990000 46 38 19
836.230000 57.830000 905.230000 149.490000 110 99 88
765.030000 56.490000 819.240000 153.200000 172 165 164
636.580000 20.580000 666.450000 132.510000 252 239 234
564.690000 14.840000 584.370000 134.140000 209 201 204
