606.890000 409.550000 542.120000 415.570000 130 130 130
561.600000 551.660000 475.650000 567.790000 148 130 107
550.840000 413.160000 470.510000 413.560000 169 151 131
437.970000 292.910000 318.230000 281.660000 126 134 175
792.850000 557.790000 769.200000 580.800000 171 147 104
367.770000 500.770000 208.660000 502.460000 45 37 38
280.920000 319.570000 114.700000 280.140000 108 203 244
863.200000 222.830000 863.710000 236.900000 35 30 24
882.800000 519.650000 874.740000 540.260000 227 196 172
762.270000 280.230000 741.410000 287.270000 45 41 34
858.270000 37.060000 863.000000 53.540000 223 216 212
461.960000 558.750000 332.810000 573.630000 39 35 35
853.240000 504.940000 832.860000 523.480000 27 24 14
723.860000 502.860000 684.790000 518.620000 158 139 121
539.960000 501.820000 448.080000 512.230000 153 135 114
339.080000 470.830000 174.970000 466.340000 157 147 140
316.510000 436.400000 143.640000 422.200000 139 231 253
620.840000 359.500000 567.470000 356.200000 44 40 38
376.600000 316.910000 247.930000 288.460000 76 128 175
803.150000 285.990000 790.230000 295.570000 248 252 255
261.710000 289.260000 89.900000 237.580000 98 118 162
840.820000 267.200000 832.720000 280.630000 252 255 255
456.020000 563.760000 332.810000 573.630000 46 43 38
536.480000 530.010000 437.460000 548.010000 133 121 108
817.380000 507.450000 796.450000 524.860000 35 29 17
413.240000 426.430000 280.700000 421.130000 47 43 43
897.580000 393.980000 895.770000 413.470000 106 97 70
331.150000 387.040000 174.620000 362.840000 112 191 227
580.270000 384.430000 509.540000 384.500000 42 35 29
580.270000 384.430000 509.540000 384.500000 42 35 29
350.560000 382.450000 198.500000 370.760000 72 72 93
762.280000 317.290000 739.650000 323.770000 91 91 89
762.280000 317.290000 739.650000 323.770000 91 91 89
745.830000 314.980000 722.510000 321.030000 211 202 191
745.830000 314.980000 722.510000 321.030000 211 202 191
720.760000 81.230000 704.990000 79.730000 215 209 203
734.990000 56.900000 720.620000 58.400000 67 64 64
364.270000 578.820000 207.260000 594.030000 103 98 86
471.710000 521.890000 338.640000 534.530000 20 18 20
804.670000 519.500000 784.300000 537.590000 184 163 143
464.780000 301.040000 356.530000 288.690000 94 111 130
349.620000 262.080000 216.670000 224.970000 122 176 218
969.650000 51.450000 971.190000 88.530000 105 92 90
847.960000 48.730000 849.590000 63.180000 128 158 180
633.510000 742.230000 671.380000 800.170000 223 214 199
420.870000 586.840000 290.910000 603.790000 228 230 213
420.870000 586.840000 290.910000 603.790000 228 230 213
337.060000 571.910000 167.770000 585.570000 62 49 46
310.650000 569.010000 124.370000 581.100000 84 84 71
310.650000 569.010000 124.370000 581.100000 84 84 71
385.930000 536.520000 229.660000 545.280000 61 57 55
604.330000 533.730000 530.390000 548.670000 39 34 24
604.330000 533.730000 530.390000 548.670000 39 34 24
1019.880000 462.360000 1031.770000 484.910000 108 93 81
588.560000 462.010000 514.780000 469.160000 53 54 45
256.500000 433.820000 59.430000 418.810000 24 25 63
825.910000 400.170000 813.950000 413.610000 254 250 235
469.970000 332.890000 355.920000 325.540000 103 193 236
310.190000 303.440000 158.540000 263.960000 55 71 87
882.760000 263.680000 880.770000 280.070000 28 36 32
905.770000 254.650000 910.160000 270.500000 170 155 134
393.910000 233.910000 278.900000 203.170000 110 174 226
601.740000 210.160000 517.370000 223.810000 165 188 211
891.110000 207.620000 896.410000 222.560000 230 224 210
625.750000 169.910000 582.600000 160.510000 99 89 84
861.190000 64.510000 865.230000 80.740000 246 240 233
701.320000 667.730000 686.550000 701.000000 15 9 0
831.850000 606.940000 810.910000 632.750000 36 35 21
368.190000 583.170000 207.260000 594.030000 107 102 89
317.140000 579.570000 138.920000 595.190000 75 74 88
473.050000 566.550000 343.690000 583.320000 29 26 20
386.610000 564.730000 236.490000 577.890000 120 119 111
346.270000 546.850000 176.330000 556.400000 177 167 153
386.300000 536.930000 229.660000 545.280000 53 49 47
613.580000 535.490000 541.460000 552.810000 90 87 79
608.710000 465.600000 540.490000 474.270000 254 249 235
760.380000 408.340000 734.090000 418.450000 233 223 207
582.960000 400.370000 511.940000 402.200000 29 27 26
736.920000 377.650000 707.970000 385.270000 70 59 59
359.930000 301.990000 226.750000 273.260000 114 153 194
608.350000 272.080000 520.240000 285.990000 190 209 211
615.500000 260.810000 562.660000 256.270000 77 86 85
615.500000 260.810000 562.660000 256.270000 77 86 85
431.650000 252.260000 320.880000 233.020000 117 203 245
708.880000 249.840000 681.700000 249.870000 39 34 19
621.200000 234.160000 570.920000 227.000000 227 252 255
900.090000 215.430000 904.760000 232.440000 35 32 8
900.090000 215.430000 904.760000 232.440000 35 32 8
749.590000 211.560000 731.660000 214.930000 166 151 130
586.640000 138.880000 505.280000 151.950000 200 210 219
791.900000 123.440000 785.820000 130.550000 238 244 246
1073.570000 667.820000 1093.650000 694.560000 29 19 14
664.410000 650.210000 632.260000 680.710000 70 56 39
594.940000 630.360000 532.550000 657.180000 122 107 94
905.870000 585.770000 932.210000 609.890000 161 144 117
385.860000 572.730000 235.000000 587.750000 73 76 45
367.480000 557.190000 207.950000 569.750000 22 22 21
730.660000 528.150000 694.000000 547.050000 162 144 123
314.320000 460.840000 137.130000 455.190000 92 92 112
1007.390000 416.850000 1020.030000 439.280000 143 134 116
610.060000 396.630000 546.260000 399.660000 39 38 40
609.620000 386.630000 547.000000 388.180000 38 33 37
742.350000 301.090000 718.040000 306.190000 21 16 1
574.110000 300.520000 505.960000 292.950000 171 174 176
589.640000 282.160000 528.430000 275.830000 74 69 66
596.260000 280.560000 505.960000 292.950000 165 183 198
594.690000 257.960000 536.430000 249.580000 209 233 251
721.450000 241.960000 697.140000 243.150000 18 12 5
715.770000 236.790000 690.300000 237.300000 199 195 188
726.070000 228.950000 702.750000 230.440000 185 175 155
719.240000 228.870000 694.700000 229.760000 39 34 29
879.800000 227.660000 880.560000 242.220000 22 20 19
585.660000 224.740000 560.800000 190.570000 54 59 63
883.150000 197.780000 888.740000 212.250000 34 24 9
616.410000 199.400000 504.330000 236.880000 188 206 230
731.590000 163.520000 712.940000 163.920000 254 247 236
512.960000 158.560000 440.530000 135.390000 0 46 81
716.450000 139.160000 696.580000 138.180000 192 178 166
596.610000 128.180000 517.190000 141.240000 221 238 242
887.250000 115.120000 770.410000 195.880000 211 194 178
918.210000 93.220000 770.410000 195.880000 169 160 137
591.940000 757.210000 615.210000 826.200000 227 224 201
591.940000 757.210000 615.210000 826.200000 227 224 201
639.350000 743.430000 671.380000 800.170000 235 224 208
639.350000 743.430000 671.380000 800.170000 235 224 208
847.610000 686.720000 861.250000 717.720000 121 103 82
414.890000 602.360000 283.920000 623.030000 121 144 68
411.740000 590.110000 280.280000 607.580000 34 36 21
881.230000 556.130000 872.340000 579.130000 197 176 166
752.690000 548.400000 719.600000 569.160000 55 45 24
751.430000 538.730000 719.130000 559.720000 51 40 24
619.840000 528.030000 550.490000 545.330000 42 31 18
619.840000 528.030000 550.490000 545.330000 42 31 18
332.040000 521.410000 157.480000 526.750000 173 157 157
339.910000 516.350000 169.600000 521.220000 181 165 155
326.770000 505.060000 151.390000 507.950000 43 34 44
746.310000 487.700000 714.850000 503.420000 51 36 27
745.600000 481.100000 714.510000 494.750000 64 50 37
296.460000 460.660000 114.650000 453.290000 92 86 95
749.690000 443.860000 719.660000 456.850000 164 150 137
345.870000 435.060000 188.460000 420.890000 156 152 140
345.870000 435.060000 188.460000 420.890000 156 152 140
902.910000 426.460000 904.310000 444.030000 214 204 186
765.190000 420.790000 738.870000 432.910000 237 228 207
258.810000 414.070000 64.610000 395.980000 38 75 116
258.810000 414.070000 64.610000 395.980000 38 75 116
313.020000 403.820000 148.470000 383.440000 152 202 246
227.530000 402.930000 20.510000 377.030000 195 245 252
521.660000 390.650000 433.540000 387.030000 40 31 30
637.990000 358.400000 585.510000 359.550000 16 6 0
626.840000 347.840000 574.820000 345.710000 45 35 19
497.640000 319.300000 389.320000 314.840000 152 176 207
810.690000 296.960000 798.150000 306.890000 132 139 136
740.120000 295.080000 717.020000 298.840000 215 211 194
371.980000 255.420000 245.240000 223.670000 57 97 140
386.720000 241.870000 266.970000 211.910000 147 217 255
816.580000 230.090000 811.810000 238.740000 198 186 166
478.750000 230.180000 382.000000 212.030000 137 180 234
759.250000 222.820000 742.790000 226.600000 163 152 147
912.180000 212.610000 918.830000 230.470000 28 19 1
912.180000 212.610000 918.830000 230.470000 28 19 1
891.920000 210.860000 897.200000 226.830000 240 236 216
900.340000 201.530000 905.920000 217.200000 86 74 66
789.860000 202.380000 779.530000 209.230000 179 166 155
879.170000 192.550000 882.710000 207.590000 200 188 166
615.990000 183.950000 502.940000 224.170000 58 58 58
752.050000 157.340000 532.750000 280.370000 221 227 216
555.970000 123.440000 497.730000 104.760000 30 31 46
808.390000 112.210000 567.310000 260.580000 216 219 210
697.350000 79.500000 677.490000 75.070000 253 245 243
706.160000 61.290000 688.100000 59.350000 178 166 156
724.740000 56.920000 709.840000 56.490000 69 58 48
723.630000 43.210000 709.920000 43.120000 141 127 114
565.520000 41.000000 516.270000 20.350000 244 250 249
770.230000 32.760000 762.380000 38.680000 156 165 193
816.520000 17.000000 746.390000 77.080000 167 195 216
629.920000 746.820000 655.090000 807.860000 241 235 223
1254.420000 677.130000 1242.240000 702.180000 41 27 2
1254.420000 677.130000 1242.240000 702.180000 41 27 2
805.680000 654.480000 796.550000 684.830000 52 38 23
665.730000 641.830000 625.100000 670.570000 194 179 169
918.710000 619.930000 944.520000 646.040000 9 1 0
416.230000 592.940000 285.690000 610.730000 245 254 234
323.110000 583.980000 147.790000 599.840000 225 222 235
415.140000 583.510000 285.150000 601.050000 238 241 218
411.390000 581.830000 280.380000 598.070000 20 25 0
411.390000 581.830000 280.380000 598.070000 20 25 0
365.910000 579.880000 207.590000 596.730000 84 79 67
461.650000 571.280000 332.270000 588.150000 53 54 32
462.890000 566.460000 332.420000 582.980000 171 168 163
515.900000 558.350000 392.220000 575.880000 20 20 0
314.380000 555.380000 129.090000 565.720000 85 83 102
1038.990000 532.040000 794.670000 580.960000 52 37 26
463.510000 532.070000 331.210000 545.820000 89 85 85
463.510000 532.070000 331.210000 545.820000 89 85 85
231.810000 532.030000 9.360000 532.550000 20 18 25
469.300000 529.240000 333.870000 542.740000 10 7 8
620.030000 527.790000 550.490000 545.330000 40 29 14
620.030000 527.790000 550.490000 545.330000 40 29 14
247.260000 525.630000 34.330000 526.750000 68 66 76
247.260000 525.630000 34.330000 526.750000 68 66 76
342.530000 520.710000 172.780000 527.040000 68 52 40
381.870000 519.200000 224.420000 526.050000 81 74 75
339.870000 516.020000 169.600000 521.220000 181 165 155
278.590000 473.470000 87.080000 467.130000 34 30 38
744.150000 472.330000 713.760000 486.830000 55 40 25
330.990000 470.370000 161.980000 468.250000 148 145 158
346.490000 468.470000 185.650000 464.830000 180 169 157
731.210000 465.690000 698.020000 478.870000 251 232 221
1027.700000 461.670000 1039.190000 484.860000 45 33 25
751.080000 461.380000 721.320000 475.060000 247 236 222
747.550000 452.300000 717.250000 465.820000 27 13 1
346.520000 450.830000 186.690000 440.010000 163 159 157
810.240000 447.440000 792.460000 462.990000 218 209 187
464.580000 447.510000 335.290000 451.330000 96 91 95
855.290000 445.710000 847.870000 462.510000 177 164 144
255.440000 445.730000 57.770000 430.980000 93 94 103
738.380000 442.720000 707.370000 454.910000 172 167 162
303.470000 441.150000 124.090000 432.240000 221 243 252
880.360000 439.980000 878.040000 457.620000 165 152 130
927.710000 430.450000 931.320000 449.400000 158 153 133
249.160000 417.780000 49.350000 397.860000 116 117 149
766.960000 415.040000 741.580000 426.760000 104 93 84
576.150000 411.480000 502.980000 413.190000 209 199 187
575.040000 398.110000 502.500000 399.580000 215 211 203
604.120000 396.650000 539.980000 398.530000 152 153 155
573.090000 393.680000 500.970000 394.110000 29 23 15
572.500000 379.980000 501.780000 378.980000 33 22 11
914.460000 377.940000 915.710000 396.210000 229 221 204
610.630000 352.580000 546.130000 354.480000 185 176 154
627.240000 347.360000 574.820000 345.710000 35 25 9
767.990000 318.740000 745.700000 326.540000 37 41 44
787.490000 312.730000 769.330000 321.020000 138 157 180
733.790000 310.870000 707.010000 313.550000 171 162 151
1087.730000 298.150000 891.130000 386.610000 100 97 99
740.050000 295.440000 717.020000 298.840000 215 211 194
748.030000 285.390000 726.030000 289.670000 111 112 104
738.750000 282.620000 716.040000 286.120000 214 206 191
590.670000 282.870000 499.280000 294.880000 35 32 33
617.110000 262.050000 564.400000 256.940000 14 24 27
902.070000 246.770000 907.000000 263.320000 228 218 197
858.460000 242.870000 779.470000 285.510000 128 144 177
880.500000 240.470000 878.750000 256.040000 239 247 255
407.050000 237.380000 294.930000 209.040000 19 61 105
591.210000 224.790000 504.330000 236.880000 177 200 222
759.230000 222.750000 742.790000 226.600000 163 152 147
904.780000 221.650000 910.280000 238.810000 182 177 165
589.840000 217.600000 503.070000 229.280000 156 173 192
891.780000 211.000000 897.200000 226.830000 231 227 207
906.080000 204.440000 911.930000 221.980000 220 208 192
616.140000 200.690000 533.340000 216.870000 193 210 235
600.450000 200.910000 518.260000 212.440000 37 33 33
365.920000 200.860000 245.370000 159.990000 118 197 236
374.510000 199.690000 254.350000 159.070000 62 132 180
614.900000 191.260000 532.750000 206.930000 178 185 205
898.210000 189.820000 903.570000 206.990000 81 68 48
629.810000 170.270000 587.990000 160.250000 48 41 45
410.860000 166.860000 305.240000 130.570000 56 138 189
737.180000 166.310000 718.550000 168.470000 118 112 98
716.350000 154.790000 695.550000 154.470000 193 182 174
623.120000 153.300000 582.990000 141.570000 126 114 102
510.910000 152.470000 439.050000 129.490000 109 192 234
577.320000 150.400000 522.740000 136.350000 79 85 87
898.180000 128.190000 845.260000 176.570000 208 201 200
416.090000 125.180000 315.790000 83.870000 135 184 234
723.120000 116.970000 705.580000 116.320000 150 141 128
911.700000 114.840000 829.980000 180.380000 26 20 16
910.000000 99.650000 857.160000 152.360000 208 198 177
951.350000 91.240000 965.250000 116.410000 177 164 175
874.720000 79.180000 880.890000 96.650000 194 173 153
707.800000 78.780000 689.020000 76.130000 152 144 130
666.770000 75.280000 640.270000 67.660000 145 129 117
666.770000 75.280000 640.270000 67.660000 145 129 117
545.680000 75.440000 489.700000 54.210000 219 213 203
541.270000 74.400000 483.930000 50.200000 139 128 118
914.540000 72.050000 924.770000 94.680000 190 175 156
922.940000 70.930000 934.300000 94.000000 182 166 147
706.880000 69.240000 688.450000 66.300000 164 155 148
951.290000 67.270000 965.720000 93.780000 55 43 38
509.880000 66.490000 443.980000 38.280000 20 65 103
912.730000 63.330000 923.490000 86.470000 207 191 177
925.490000 34.060000 937.360000 59.430000 198 178 163
932.900000 22.680000 946.380000 50.010000 210 195 188
759.490000 18.390000 753.680000 22.370000 89 82 59
794.160000 16.420000 789.520000 31.250000 155 169 179
732.860000 14.140000 721.240000 14.470000 137 121 109
904.250000 11.640000 915.310000 35.870000 201 185 171
930.200000 4.920000 943.620000 33.220000 202 189 184
526.430000 691.880000 482.010000 734.010000 136 124 108
1054.620000 690.200000 1096.670000 717.870000 163 152 136
823.740000 678.750000 836.820000 711.120000 222 209 186
833.030000 670.460000 847.050000 700.170000 91 76 57
705.400000 669.650000 692.460000 702.660000 133 123 109
752.490000 669.190000 745.610000 702.270000 56 48 32
713.010000 661.300000 695.310000 694.460000 172 158 145
624.630000 654.630000 585.100000 686.910000 64 47 34
624.630000 654.630000 585.100000 686.910000 64 47 34
661.110000 635.940000 619.960000 663.810000 48 37 24
860.770000 622.040000 841.000000 648.290000 119 105 90
862.730000 619.230000 843.100000 646.050000 245 237 216
834.150000 618.040000 812.510000 644.120000 213 201 179
387.060000 612.900000 249.600000 635.110000 43 41 38
536.660000 607.450000 448.460000 630.600000 70 58 50
523.200000 600.580000 430.340000 622.220000 147 141 131
353.070000 599.460000 197.220000 618.970000 93 97 112
708.060000 595.740000 695.510000 619.020000 255 253 239
326.730000 586.380000 154.300000 603.010000 42 41 54
467.630000 582.240000 346.250000 599.680000 88 102 54
471.940000 581.080000 346.250000 599.680000 87 99 54
414.730000 576.950000 285.300000 592.730000 113 125 71
312.160000 572.470000 130.400000 586.060000 183 180 179
971.660000 569.410000 975.820000 594.110000 112 89 60
1037.620000 568.900000 1048.520000 593.670000 114 98 84
1037.620000 568.900000 1048.520000 593.670000 114 98 84
1029.920000 569.200000 1040.620000 593.970000 116 97 77
1025.990000 569.200000 1035.750000 593.530000 95 75 55
1025.990000 569.200000 1035.750000 593.530000 95 75 55
449.610000 568.160000 315.980000 584.100000 31 40 4
1011.280000 559.860000 1020.040000 583.610000 211 191 169
1014.950000 557.210000 1023.550000 581.340000 122 99 73
1028.900000 556.740000 1039.560000 581.410000 127 106 86
1002.610000 555.120000 1011.020000 578.780000 197 174 152
1039.580000 553.410000 1050.130000 577.930000 185 170 161
982.270000 552.480000 988.180000 576.120000 106 86 68
1009.450000 551.440000 1018.790000 575.430000 108 85 60
998.170000 551.770000 1004.540000 575.660000 101 78 56
1013.250000 545.390000 1022.700000 569.290000 109 86 64
1033.530000 543.910000 1044.770000 568.210000 107 91 78
979.940000 543.310000 985.460000 566.660000 192 177 158
1009.170000 543.120000 1018.220000 566.640000 226 203 181
444.050000 539.340000 311.000000 552.380000 117 111 104
401.350000 539.640000 248.460000 550.280000 67 65 66
527.350000 538.400000 430.120000 554.010000 23 14 3
1032.120000 532.210000 1042.420000 556.090000 100 86 71
999.480000 528.180000 1008.490000 551.260000 131 108 84
955.590000 528.090000 959.450000 550.720000 215 195 170
612.480000 528.100000 541.360000 543.550000 22 16 4
1031.830000 526.230000 1043.650000 550.090000 96 82 68
1112.810000 524.750000 1050.590000 555.420000 46 34 30
613.370000 524.630000 544.420000 539.790000 186 176 157
968.070000 519.330000 972.390000 541.910000 118 97 77
1011.040000 516.090000 1020.840000 539.540000 119 97 75
856.990000 513.970000 840.140000 535.160000 69 67 63
331.620000 513.670000 157.290000 517.990000 168 154 159
1014.210000 513.790000 1023.730000 536.930000 202 181 161
327.850000 513.370000 152.610000 517.010000 43 32 41
1003.700000 508.520000 1013.130000 531.500000 220 197 175
1001.600000 494.460000 693.550000 561.790000 95 77 53
341.270000 493.980000 173.780000 495.380000 92 81 72
1008.450000 493.610000 1017.800000 516.440000 97 79 58
403.870000 493.310000 278.830000 493.470000 187 181 175
243.650000 490.950000 32.220000 486.920000 21 19 29
1022.260000 489.040000 873.160000 536.190000 203 188 173
326.990000 488.080000 154.630000 489.640000 46 42 52
921.800000 482.090000 922.680000 502.460000 120 101 76
1023.830000 480.250000 1035.460000 503.190000 88 77 63
1023.830000 480.250000 1035.460000 503.190000 88 77 63
247.730000 480.780000 40.050000 472.280000 74 72 79
683.170000 480.060000 562.540000 504.490000 42 34 17
686.840000 479.040000 562.540000 504.490000 31 23 6
955.130000 477.780000 960.290000 498.960000 106 88 70
278.720000 477.580000 85.210000 471.150000 71 67 75
270.560000 477.610000 75.750000 470.800000 69 65 73
965.620000 475.910000 916.280000 503.450000 112 96 80
1014.290000 474.990000 1026.210000 497.910000 89 73 57
247.180000 473.780000 41.090000 464.760000 82 80 87
247.180000 473.780000 41.090000 464.760000 82 80 87
884.060000 473.030000 879.400000 492.130000 95 77 56
323.020000 470.090000 150.150000 467.910000 38 35 50
279.700000 468.970000 89.310000 461.180000 71 67 75
1006.580000 467.910000 1017.320000 490.500000 173 158 139
766.710000 464.780000 740.920000 479.780000 163 153 135
744.670000 463.770000 713.540000 477.580000 178 163 150
744.670000 463.770000 713.540000 477.580000 178 163 150
1021.140000 461.800000 1032.470000 485.330000 93 78 67
1021.140000 461.800000 1032.470000 485.330000 93 78 67
1020.220000 455.980000 1032.580000 479.100000 98 81 71
819.260000 453.250000 804.440000 469.450000 181 171 150
329.650000 453.470000 161.940000 446.800000 126 127 141
441.990000 452.990000 300.930000 456.800000 50 48 35
462.320000 451.100000 334.080000 455.160000 37 32 36
843.100000 448.250000 832.760000 464.960000 197 184 164
459.760000 448.220000 330.530000 451.220000 88 84 86
989.880000 444.080000 999.880000 465.680000 106 88 68
1001.830000 441.790000 952.540000 471.990000 99 81 65
980.060000 439.850000 989.790000 461.450000 111 96 75
499.880000 439.980000 381.470000 446.440000 37 32 36
936.890000 437.130000 800.070000 487.580000 84 70 52
251.500000 430.460000 52.700000 413.750000 32 31 59
866.660000 427.240000 893.090000 438.070000 226 208 187
889.270000 421.730000 937.260000 429.990000 215 202 184
999.100000 419.280000 1011.450000 441.060000 98 88 70
346.340000 417.680000 190.390000 406.490000 166 159 154
324.020000 411.440000 164.600000 396.420000 51 149 172
924.790000 409.630000 1004.310000 414.570000 109 91 68
956.860000 409.080000 964.390000 429.040000 85 73 51
235.160000 403.880000 31.330000 379.750000 181 252 255
966.940000 402.910000 937.260000 429.990000 198 181 162
955.420000 402.100000 859.700000 441.040000 117 99 78
987.450000 401.660000 937.310000 433.670000 92 82 59
860.260000 401.140000 770.980000 433.170000 188 176 152
983.660000 394.970000 934.160000 426.980000 127 109 85
833.200000 394.780000 821.530000 408.420000 75 70 58
833.200000 394.780000 821.530000 408.420000 75 70 58
946.880000 393.940000 950.160000 413.910000 113 93 68
1002.300000 390.550000 1011.430000 413.060000 117 105 88
941.990000 389.990000 946.110000 409.540000 130 107 85
460.910000 389.000000 344.120000 385.040000 83 82 84
769.750000 384.010000 745.880000 394.870000 41 40 36
912.810000 382.220000 912.590000 400.320000 109 100 79
614.490000 374.420000 552.150000 377.000000 92 92 90
611.380000 373.590000 549.390000 374.490000 18 16 14
903.690000 369.920000 901.880000 387.500000 114 115 106
903.690000 369.920000 901.880000 387.500000 114 115 106
965.290000 367.300000 972.630000 388.020000 108 85 63
887.080000 363.470000 875.160000 382.420000 124 154 164
600.780000 358.800000 837.530000 227.570000 183 170 152
631.870000 355.570000 578.720000 355.500000 167 161 149
989.800000 354.660000 999.260000 376.370000 102 84 64
439.840000 347.810000 329.390000 333.980000 127 156 206
624.590000 344.580000 571.900000 342.550000 178 164 147
629.310000 341.460000 577.210000 340.540000 187 174 154
990.110000 339.200000 999.930000 361.600000 208 194 172
920.170000 338.770000 922.530000 357.400000 115 100 82
934.020000 336.080000 938.900000 354.710000 217 192 171
851.070000 331.450000 836.750000 346.600000 191 220 241
746.610000 326.820000 722.230000 333.390000 224 216 193
606.130000 326.920000 923.860000 138.670000 157 145 141
771.380000 319.810000 749.020000 328.460000 144 151 169
884.690000 318.570000 793.680000 359.030000 196 223 250
966.960000 316.900000 975.770000 337.750000 125 111 86
966.100000 309.610000 975.290000 330.290000 195 178 152
558.380000 308.900000 487.820000 301.370000 224 215 202
570.560000 305.790000 501.230000 299.700000 175 170 167
738.460000 303.760000 713.830000 309.530000 194 187 166
749.850000 303.750000 727.750000 308.890000 167 163 163
749.850000 303.750000 727.750000 308.890000 167 163 163
747.420000 301.100000 725.260000 306.290000 20 16 16
580.210000 297.730000 516.150000 289.910000 187 197 194
588.510000 295.950000 527.040000 288.960000 131 125 112
815.810000 294.940000 804.370000 305.020000 198 200 198
731.940000 294.110000 706.140000 298.150000 150 138 127
756.310000 289.960000 734.100000 294.990000 99 95 96
490.830000 287.920000 386.440000 278.500000 136 149 177
752.120000 284.760000 730.160000 290.090000 18 17 11
827.840000 282.170000 817.380000 294.970000 54 57 54
601.380000 276.390000 511.790000 289.320000 54 87 101
796.330000 275.570000 779.470000 285.510000 132 147 188
978.030000 272.100000 988.710000 294.240000 208 195 175
747.170000 271.850000 726.140000 276.100000 221 212 189
965.760000 265.160000 976.070000 286.250000 204 187 160
706.990000 263.790000 677.220000 264.410000 170 159 145
832.420000 260.490000 749.330000 301.280000 99 116 139
457.500000 259.010000 354.130000 239.940000 161 194 235
710.900000 255.530000 682.860000 256.380000 156 148 148
883.550000 255.030000 882.450000 270.730000 251 250 243
509.720000 252.610000 411.250000 244.060000 68 122 176
813.300000 251.790000 804.480000 262.010000 27 23 22
902.460000 250.760000 906.810000 267.300000 134 124 103
726.380000 244.270000 701.660000 246.570000 182 173 169
708.490000 242.370000 682.970000 241.290000 195 184 169
403.190000 238.300000 290.550000 209.790000 159 196 236
643.490000 237.290000 601.160000 228.220000 129 128 122
557.550000 235.390000 491.670000 222.650000 96 87 74
484.260000 229.470000 386.590000 213.840000 25 74 125
484.260000 229.470000 386.590000 213.840000 25 74 125
889.170000 227.090000 892.600000 243.940000 236 231 216
889.170000 227.090000 892.600000 243.940000 236 231 216
590.430000 226.800000 533.340000 216.870000 173 193 213
395.590000 226.700000 281.260000 195.380000 137 176 229
576.430000 225.300000 518.260000 212.440000 39 39 32
891.960000 223.070000 895.740000 239.130000 60 55 41
738.730000 220.510000 718.740000 222.630000 211 196 175
321.530000 220.610000 186.060000 171.600000 23 93 148
880.210000 219.420000 881.270000 234.440000 41 38 30
883.460000 218.540000 884.810000 233.920000 189 184 174
894.610000 217.810000 898.780000 234.470000 197 194 171
575.970000 215.190000 550.320000 177.240000 114 105 92
895.420000 213.710000 900.160000 230.390000 50 47 22
579.370000 211.530000 521.410000 199.170000 87 77 63
612.990000 210.080000 529.190000 224.950000 30 34 44
894.130000 206.790000 900.000000 222.510000 145 138 126
894.130000 206.790000 900.000000 222.510000 145 138 126
1028.420000 206.210000 1011.100000 243.440000 144 134 128
369.670000 205.510000 248.250000 166.140000 63 133 178
622.260000 204.570000 508.520000 242.640000 167 199 221
1028.450000 202.260000 1010.410000 240.290000 71 61 55
639.160000 198.660000 598.250000 190.200000 127 122 116
973.390000 195.540000 986.200000 218.550000 78 66 56
895.260000 193.220000 900.080000 206.670000 169 158 143
635.150000 191.950000 593.620000 183.960000 228 245 237
604.080000 190.210000 554.150000 179.070000 182 176 166
589.960000 190.290000 546.600000 170.380000 147 136 122
764.360000 187.380000 750.600000 191.250000 189 173 159
322.030000 187.790000 189.220000 134.490000 46 114 170
552.640000 186.580000 489.970000 169.940000 214 207 199
819.620000 181.080000 815.180000 190.480000 181 168 163
502.900000 180.250000 410.910000 164.220000 88 125 174
825.990000 176.820000 822.130000 187.320000 125 108 110
362.020000 173.340000 244.630000 126.140000 131 203 255
365.450000 172.100000 248.300000 125.080000 55 133 189
736.580000 168.130000 718.550000 168.470000 124 116 101
510.500000 162.730000 438.320000 139.510000 103 175 225
330.240000 157.310000 204.200000 101.110000 51 116 155
454.020000 155.320000 358.830000 126.160000 133 182 237
363.490000 153.790000 248.580000 105.240000 66 129 181
515.580000 151.800000 453.570000 119.830000 49 63 71
832.200000 151.310000 830.270000 162.270000 109 94 73
832.200000 151.310000 830.270000 162.270000 109 94 73
577.130000 151.080000 522.740000 136.350000 82 88 90
627.940000 148.540000 588.060000 137.780000 145 130 119
614.160000 147.420000 571.360000 135.220000 130 116 103
589.750000 138.300000 538.280000 124.610000 230 238 241
866.120000 130.420000 886.470000 137.250000 202 187 166
822.280000 128.930000 821.030000 139.450000 192 176 162
409.340000 128.230000 307.280000 85.220000 67 118 161
908.750000 120.450000 918.560000 139.700000 155 148 147
795.510000 119.590000 789.500000 126.950000 101 100 93
605.570000 115.770000 527.470000 133.330000 45 43 40
578.130000 104.120000 558.780000 56.770000 31 39 51
585.420000 99.820000 507.490000 111.020000 231 240 251
940.450000 98.720000 952.530000 122.710000 184 172 180
720.280000 91.950000 703.180000 90.870000 147 138 126
831.350000 87.590000 580.340000 247.560000 51 69 90
831.350000 87.590000 580.340000 247.560000 51 69 90
937.870000 75.680000 809.900000 173.550000 110 101 77
508.760000 70.710000 442.330000 43.110000 117 179 218
550.770000 69.630000 495.020000 48.580000 165 160 154
865.850000 68.390000 871.760000 84.840000 231 218 205
541.080000 66.180000 485.330000 41.710000 131 122 111
930.650000 61.220000 908.250000 104.430000 194 178 164
675.170000 59.410000 650.780000 52.730000 134 117 104
716.030000 58.970000 700.500000 57.630000 145 134 122
716.590000 52.300000 702.930000 49.800000 141 128 114
516.960000 52.370000 453.390000 25.660000 70 103 127
564.500000 45.020000 514.640000 24.040000 245 249 244
681.140000 42.910000 659.870000 37.100000 140 123 109
538.470000 34.820000 483.020000 9.490000 144 135 123
772.660000 28.550000 762.380000 38.680000 124 125 139
805.110000 26.810000 763.020000 64.870000 138 166 187
875.840000 17.370000 885.330000 36.570000 202 185 177
887.320000 16.740000 897.920000 39.300000 203 186 176
861.810000 11.290000 868.820000 30.260000 150 136 127
820.080000 7.390000 820.680000 20.880000 20 45 73
727.280000 836.370000 866.390000 945.820000 96 79 61
663.230000 736.240000 692.510000 788.420000 202 184 166
589.010000 714.220000 554.780000 762.880000 117 103 84
587.980000 711.300000 579.630000 759.650000 162 145 126
926.570000 706.470000 975.410000 740.460000 71 56 35
525.930000 682.650000 479.720000 723.530000 123 109 92
827.070000 680.630000 840.120000 713.400000 125 110 89
817.070000 674.910000 821.320000 706.800000 130 117 95
1102.640000 671.550000 1116.640000 698.360000 245 147 135
773.450000 667.890000 847.600000 709.080000 101 91 73
626.200000 667.560000 596.220000 702.030000 127 107 94
858.950000 665.980000 861.970000 696.670000 108 91 78
600.490000 663.290000 560.250000 697.610000 165 146 128
856.470000 660.300000 857.810000 690.100000 245 230 217
710.430000 659.460000 693.470000 691.820000 51 39 30
722.660000 658.880000 706.820000 690.050000 80 66 49
719.620000 658.450000 703.050000 689.840000 162 148 131
862.660000 657.400000 865.020000 687.590000 172 157 148
724.940000 657.110000 710.500000 688.650000 139 125 108
712.480000 656.580000 695.910000 687.260000 63 52 36
794.730000 655.290000 782.260000 685.270000 126 110 95
967.010000 654.240000 918.980000 678.680000 213 205 184
799.120000 652.980000 788.420000 682.520000 198 184 171
721.950000 652.880000 706.600000 683.590000 106 95 77
721.950000 652.880000 706.600000 683.590000 106 95 77
630.330000 652.520000 592.760000 683.810000 150 134 118
666.680000 652.050000 634.730000 683.080000 53 38 21
597.970000 643.390000 557.560000 673.630000 74 56 38
597.970000 643.390000 557.560000 673.630000 74 56 38
657.950000 638.840000 616.410000 668.570000 165 151 138
862.190000 632.670000 865.080000 661.310000 107 92 73
589.440000 627.990000 527.770000 655.240000 67 51 39
867.530000 625.820000 869.680000 653.750000 158 148 124
709.120000 624.320000 693.190000 651.060000 160 150 126
397.730000 616.820000 269.340000 640.770000 135 130 115
537.540000 613.350000 450.220000 637.070000 130 114 103
397.160000 613.200000 264.660000 635.380000 171 167 151
507.670000 612.490000 413.060000 635.450000 145 131 118
537.600000 610.640000 450.380000 634.440000 190 176 167
400.850000 606.930000 269.140000 628.380000 120 129 82
768.960000 604.600000 769.900000 627.610000 132 120 125
414.920000 600.030000 283.460000 619.830000 121 142 75
527.640000 596.960000 436.320000 617.790000 38 31 24
1091.780000 596.490000 1106.810000 622.500000 108 90 62
983.490000 586.670000 988.120000 611.700000 116 97 78
804.170000 585.150000 779.980000 609.000000 123 105 94
319.020000 583.070000 141.860000 598.670000 24 22 39
888.940000 580.980000 880.390000 604.990000 130 108 87
809.450000 581.000000 786.700000 604.680000 127 108 94
380.050000 580.770000 229.410000 598.070000 113 109 89
324.980000 580.750000 147.990000 595.730000 40 35 43
407.550000 578.750000 276.720000 593.000000 134 146 92
946.650000 577.900000 946.700000 602.420000 185 158 137
922.440000 578.020000 919.390000 602.400000 216 189 168
232.450000 578.070000 10.430000 590.790000 83 84 100
477.660000 577.050000 352.130000 595.280000 241 247 214
935.080000 575.640000 935.000000 599.760000 126 99 78
364.600000 575.560000 205.300000 591.740000 116 114 99
886.950000 573.760000 878.480000 597.570000 179 156 135
399.450000 573.970000 252.500000 589.460000 115 129 77
890.870000 570.990000 884.300000 594.610000 129 98 76
934.040000 564.610000 932.930000 588.710000 126 102 78
883.100000 561.240000 874.910000 584.390000 95 73 60
1037.090000 559.850000 1048.000000 584.410000 177 159 144
1037.090000 559.850000 1048.000000 584.410000 177 159 144
885.010000 558.660000 877.690000 581.720000 197 171 153
815.340000 558.740000 794.670000 580.960000 76 58 55
808.740000 557.060000 786.930000 579.460000 217 193 173
813.120000 556.660000 792.590000 578.680000 179 159 149
990.440000 555.350000 996.990000 579.420000 214 190 172
513.550000 555.170000 389.000000 572.380000 204 201 190
518.750000 554.630000 395.130000 571.720000 146 143 135
900.290000 553.260000 895.880000 576.100000 208 180 152
447.140000 551.630000 313.140000 565.450000 33 26 25
881.030000 551.170000 872.910000 573.780000 91 71 59
993.720000 549.740000 1001.000000 573.250000 201 177 158
878.370000 548.860000 869.640000 571.440000 154 139 134
990.450000 548.620000 997.110000 572.170000 200 180 161
882.800000 548.730000 875.540000 570.770000 159 139 126
448.760000 548.520000 316.540000 561.730000 106 99 97
448.760000 548.520000 316.540000 561.730000 106 99 97
885.970000 546.400000 878.470000 568.770000 131 105 84
937.340000 545.990000 937.820000 569.070000 156 133 109
1122.280000 543.770000 1059.000000 578.110000 42 32 27
343.020000 543.270000 171.790000 551.980000 111 101 87
446.110000 542.300000 313.270000 554.800000 26 20 13
799.390000 541.920000 775.660000 562.990000 143 121 95
887.390000 541.200000 881.200000 563.630000 126 95 73
440.880000 538.750000 307.020000 550.930000 33 27 20
263.630000 538.770000 56.990000 543.840000 81 79 89
270.040000 538.630000 67.050000 544.230000 68 66 75
227.930000 538.660000 9.360000 532.550000 37 35 44
755.010000 535.430000 722.990000 554.820000 169 160 131
880.850000 528.740000 874.010000 549.790000 202 175 151
978.110000 526.980000 983.780000 550.350000 168 148 127
332.860000 527.010000 158.470000 532.140000 106 89 93
753.890000 523.510000 721.980000 541.850000 158 143 128
443.600000 520.200000 312.120000 529.090000 48 43 31
933.140000 519.340000 934.400000 540.830000 197 173 149
850.490000 518.400000 833.650000 539.010000 16 14 13
1017.630000 515.310000 1027.500000 538.990000 125 104 84
906.130000 515.110000 903.890000 536.070000 127 104 76
906.130000 515.110000 903.890000 536.070000 127 104 76
916.200000 513.880000 915.000000 535.240000 125 101 77
948.110000 513.420000 951.070000 535.570000 190 167 143
762.560000 511.840000 733.530000 529.700000 170 157 135
897.790000 510.980000 894.610000 532.060000 135 111 85
927.630000 510.570000 928.260000 532.520000 186 162 138
882.890000 509.980000 877.020000 530.640000 190 166 141
807.540000 509.830000 787.750000 528.430000 168 151 135
339.080000 508.750000 169.310000 512.410000 179 162 155
540.170000 508.760000 446.850000 519.630000 195 191 168
886.910000 507.230000 882.540000 527.540000 132 108 82
902.540000 505.530000 912.270000 524.910000 122 98 72
890.130000 504.420000 885.690000 524.880000 203 179 153
987.810000 504.150000 995.630000 526.660000 170 153 127
872.690000 501.390000 865.210000 521.390000 153 139 122
584.110000 501.520000 500.150000 514.110000 50 42 23
967.430000 492.660000 973.000000 514.530000 109 88 69
825.640000 492.000000 809.300000 510.310000 98 83 64
825.640000 492.000000 809.300000 510.310000 98 83 64
804.230000 490.700000 784.280000 508.240000 127 112 90
872.170000 489.540000 865.680000 508.870000 107 88 68
872.170000 489.540000 865.680000 508.870000 107 88 68
406.590000 487.760000 281.970000 488.080000 123 117 111
406.590000 487.760000 281.970000 488.080000 123 117 111
855.970000 487.390000 846.070000 506.470000 125 107 89
773.190000 487.120000 663.760000 521.150000 116 101 82
891.560000 486.490000 940.170000 500.870000 108 92 71
861.570000 486.360000 852.950000 505.330000 113 95 77
330.620000 483.850000 159.960000 482.220000 153 150 154
892.430000 483.190000 889.530000 502.600000 206 191 170
843.680000 479.760000 832.990000 497.710000 109 91 71
875.760000 479.400000 931.380000 490.370000 115 98 75
243.450000 479.020000 34.900000 470.740000 19 17 25
383.710000 475.470000 237.160000 475.320000 95 89 85
818.200000 475.000000 802.960000 492.000000 112 97 78
990.660000 472.330000 999.850000 494.380000 107 91 75
732.430000 472.320000 697.890000 486.440000 174 157 144
945.570000 470.670000 949.450000 491.640000 201 183 166
748.070000 469.340000 717.370000 483.590000 195 185 164
959.300000 468.760000 958.580000 490.530000 185 169 153
946.760000 467.980000 951.170000 488.280000 114 97 82
698.910000 465.340000 619.450000 484.020000 116 100 84
518.110000 465.570000 398.010000 475.630000 38 31 34
744.520000 463.770000 713.540000 477.580000 178 163 150
744.520000 463.770000 713.540000 477.580000 178 163 150
590.980000 464.080000 516.980000 471.960000 31 32 25
814.750000 462.380000 798.390000 478.520000 97 87 66
847.200000 460.400000 838.500000 477.310000 120 102 84
877.600000 459.310000 812.970000 485.990000 119 102 84
732.720000 459.440000 699.750000 472.180000 210 190 182
624.040000 459.580000 521.670000 476.810000 242 241 235
616.420000 459.540000 550.120000 468.280000 36 29 22
748.450000 458.940000 717.500000 472.640000 66 55 41
462.340000 456.190000 333.790000 461.010000 30 25 29
751.080000 455.140000 721.180000 468.530000 253 239 224
742.750000 454.850000 711.770000 467.740000 66 49 40
843.560000 454.420000 833.310000 471.200000 190 175 156
834.120000 454.040000 837.120000 467.740000 103 93 72
260.690000 452.620000 64.660000 439.980000 83 81 87
502.480000 451.870000 380.180000 459.130000 41 38 41
1012.140000 451.390000 1023.940000 474.140000 114 98 84
627.200000 450.280000 1093.850000 297.910000 123 120 123
763.210000 449.540000 735.070000 463.460000 116 99 78
348.710000 448.540000 190.640000 436.660000 60 56 57
266.360000 444.150000 69.500000 431.080000 26 38 44
816.720000 442.280000 801.830000 457.580000 115 106 85
1020.440000 441.680000 1032.310000 464.330000 157 142 133
520.000000 440.340000 401.970000 448.060000 99 93 97
808.170000 438.370000 790.160000 453.530000 114 101 81
903.460000 436.900000 854.660000 463.100000 151 138 121
969.390000 436.430000 977.810000 457.480000 102 91 75
918.440000 435.910000 920.460000 454.930000 97 86 68
918.440000 435.910000 852.930000 465.480000 97 86 68
817.890000 436.010000 802.350000 451.220000 95 80 61
912.450000 419.450000 832.240000 452.200000 90 80 61
925.440000 418.880000 915.790000 439.770000 183 174 150
886.870000 419.140000 883.160000 436.440000 119 101 84
780.490000 417.900000 755.890000 430.940000 253 242 217
1009.700000 414.710000 1020.940000 437.070000 149 141 123
368.680000 415.190000 222.550000 405.360000 200 202 206
254.260000 414.870000 56.720000 396.070000 75 93 130
897.450000 414.700000 896.100000 432.310000 172 153 135
832.710000 414.500000 793.570000 434.790000 117 102 75
998.070000 412.320000 1009.760000 434.000000 151 143 124
352.250000 412.660000 136.010000 444.300000 116 109 110
1009.590000 412.070000 1019.820000 434.570000 78 71 54
889.680000 411.440000 887.020000 428.840000 175 155 136
871.830000 410.340000 866.210000 426.690000 178 161 137
887.890000 408.900000 885.710000 426.360000 121 104 80
892.400000 407.540000 891.110000 424.760000 93 76 52
775.090000 406.220000 750.270000 418.240000 114 113 107
587.070000 404.420000 516.480000 407.040000 151 152 150
587.070000 404.420000 516.480000 407.040000 151 152 150
990.400000 403.560000 915.790000 439.770000 240 234 213
995.370000 402.400000 915.790000 439.770000 243 236 217
586.570000 401.210000 515.720000 404.250000 16 16 14
602.560000 399.970000 538.260000 401.890000 65 66 66
455.590000 399.270000 337.430000 394.780000 135 135 135
910.330000 398.450000 911.210000 416.070000 99 84 60
846.370000 398.560000 835.940000 413.510000 245 238 216
849.990000 397.480000 774.490000 426.750000 247 241 218
914.020000 395.290000 914.050000 413.310000 193 179 154
856.610000 396.240000 881.510000 403.510000 220 213 191
601.870000 394.190000 537.840000 395.900000 52 55 55
613.240000 391.490000 516.480000 407.040000 140 137 140
619.910000 391.250000 559.920000 393.860000 32 31 33
933.860000 389.730000 936.820000 413.660000 154 131 109
617.650000 389.340000 555.080000 392.500000 147 146 148
832.140000 389.280000 819.930000 402.340000 54 50 46
624.880000 389.070000 530.210000 404.850000 51 50 52
928.170000 388.570000 930.510000 407.230000 106 84 61
755.910000 387.450000 730.480000 400.360000 207 198 175
885.110000 387.170000 866.550000 407.150000 246 239 211
938.670000 385.430000 942.800000 404.510000 127 103 81
631.820000 385.280000 575.640000 388.590000 42 40 35
1003.920000 379.270000 1013.910000 401.840000 127 107 95
998.430000 379.720000 1008.040000 402.170000 141 120 104
978.450000 379.590000 987.020000 400.550000 130 110 83
530.340000 378.240000 625.760000 284.850000 155 143 138
924.200000 376.870000 927.020000 395.150000 196 178 160
571.450000 376.590000 499.620000 375.350000 187 174 158
733.660000 375.700000 704.590000 383.330000 73 65 68
741.030000 372.780000 712.530000 380.910000 182 170 152
603.240000 372.420000 540.370000 372.910000 126 123 122
916.700000 371.390000 918.400000 389.420000 133 120 104
991.470000 371.110000 1000.830000 392.970000 125 106 85
615.920000 367.600000 563.030000 365.620000 76 74 71
582.640000 366.600000 568.280000 341.330000 144 130 115
916.160000 365.950000 917.760000 384.340000 143 131 115
630.030000 362.990000 575.110000 363.910000 30 23 17
974.180000 362.420000 982.090000 383.620000 201 181 161
900.290000 361.960000 897.050000 378.750000 217 235 231
959.420000 352.440000 966.580000 372.500000 93 79 54
924.840000 350.950000 927.480000 369.380000 173 157 137
636.370000 351.030000 584.690000 351.000000 49 38 22
435.160000 351.100000 322.240000 338.170000 156 189 214
919.040000 347.460000 921.910000 365.160000 221 207 192
936.660000 346.290000 942.050000 364.970000 204 184 161
578.510000 335.030000 507.010000 333.140000 186 176 158
740.380000 334.520000 714.060000 341.000000 128 111 87
844.470000 330.940000 832.110000 345.210000 123 147 166
736.070000 330.010000 708.920000 335.890000 179 168 148
919.080000 329.530000 921.180000 347.510000 120 106 89
919.080000 329.530000 921.180000 347.510000 120 106 89
852.550000 328.050000 885.770000 329.960000 100 131 159
854.930000 327.020000 838.810000 343.070000 107 137 165
600.120000 321.880000 492.220000 343.630000 88 77 67
913.580000 320.840000 916.170000 338.650000 127 116 100
916.370000 314.570000 919.040000 332.580000 97 86 68
893.330000 314.760000 890.700000 332.130000 178 190 198
781.530000 311.870000 876.500000 280.380000 81 91 100
781.530000 311.870000 788.500000 311.380000 81 91 100
947.710000 309.990000 955.230000 329.490000 182 168 143
937.190000 309.280000 942.460000 328.490000 181 167 140
942.070000 306.790000 949.470000 325.820000 198 184 159
555.020000 307.190000 484.650000 299.590000 139 126 113
743.900000 306.130000 719.610000 311.360000 192 186 176
624.180000 304.970000 492.220000 343.630000 88 78 57
735.670000 298.260000 710.740000 302.500000 227 219 200
915.690000 296.780000 919.370000 314.580000 187 176 153
971.180000 296.340000 981.650000 317.390000 183 164 143
806.720000 293.690000 838.420000 286.910000 252 252 252
769.740000 293.610000 749.330000 301.280000 117 122 147
953.190000 291.810000 961.200000 311.960000 186 167 146
772.980000 291.570000 752.340000 299.500000 114 122 156
974.880000 289.590000 985.270000 311.360000 171 153 135
926.940000 287.030000 932.730000 305.060000 197 179 159
907.770000 284.070000 911.010000 300.840000 126 114 93
771.170000 282.280000 752.730000 288.990000 81 80 88
910.060000 281.290000 913.920000 298.050000 189 174 155
853.660000 279.600000 769.330000 321.020000 117 125 149
783.760000 275.360000 784.760000 276.080000 82 80 80
603.990000 274.930000 514.440000 287.660000 143 177 188
859.280000 274.630000 854.290000 288.610000 16 26 41
981.420000 272.600000 992.550000 294.750000 105 94 76
788.580000 272.710000 757.590000 286.980000 79 79 79
790.930000 271.080000 784.760000 276.080000 84 83 87
611.780000 269.720000 558.440000 263.300000 122 124 123
814.460000 266.520000 804.700000 277.030000 73 71 73
553.380000 264.180000 485.870000 253.220000 145 131 118
935.730000 261.180000 941.820000 280.440000 127 109 83
687.720000 256.880000 652.630000 256.660000 195 176 155
503.010000 256.390000 404.250000 246.040000 35 112 165
807.910000 255.790000 797.830000 264.710000 29 25 25
946.440000 255.700000 953.780000 275.830000 111 93 67
979.060000 254.660000 990.300000 277.330000 193 174 161
809.210000 252.280000 799.840000 261.550000 7 4 3
373.690000 251.930000 247.260000 220.740000 66 106 149
631.990000 251.260000 514.440000 287.660000 152 174 195
379.860000 251.500000 254.430000 222.030000 75 139 191
376.540000 251.190000 251.000000 220.960000 136 187 234
639.950000 249.500000 595.230000 243.370000 202 209 205
440.160000 248.920000 336.710000 223.740000 122 200 250
504.260000 248.500000 405.350000 238.070000 77 130 181
936.610000 247.550000 944.570000 266.920000 159 141 117
731.700000 246.720000 708.350000 248.960000 203 189 176
405.410000 246.740000 288.520000 220.690000 63 101 153
391.210000 246.070000 269.870000 217.610000 4 91 144
940.570000 245.030000 949.180000 264.270000 194 175 154
603.770000 243.550000 535.520000 243.580000 141 171 193
578.200000 243.040000 551.520000 208.370000 62 90 99
904.610000 240.360000 909.710000 257.190000 164 150 134
530.190000 240.760000 456.100000 224.870000 177 163 150
625.090000 240.080000 541.090000 256.200000 178 214 228
621.970000 239.760000 571.020000 232.870000 177 201 218
905.000000 235.270000 909.650000 252.380000 112 98 83
887.050000 231.460000 889.230000 247.600000 139 138 129
968.560000 229.420000 979.590000 251.960000 114 99 77
899.080000 222.580000 903.930000 239.530000 221 216 205
490.370000 222.050000 393.120000 206.280000 135 161 202
922.030000 219.210000 968.400000 216.690000 180 169 147
890.950000 217.880000 895.460000 233.260000 98 94 74
603.450000 217.990000 551.520000 208.370000 106 133 149
572.900000 218.100000 513.930000 204.900000 114 108 96
907.200000 217.360000 913.590000 234.080000 67 62 44
400.040000 214.850000 287.660000 182.430000 143 200 251
748.640000 213.570000 728.930000 217.150000 198 187 164
951.020000 211.610000 961.920000 232.540000 111 97 70
963.840000 210.400000 975.730000 232.610000 120 107 88
904.090000 207.990000 910.010000 225.600000 108 100 73
885.120000 206.830000 889.110000 222.160000 162 156 142
898.700000 204.400000 904.480000 220.990000 101 89 84
971.400000 204.210000 983.490000 227.070000 205 194 181
618.360000 203.870000 504.450000 242.100000 94 118 144
618.360000 203.870000 504.450000 242.100000 94 118 144
941.960000 202.930000 951.850000 223.520000 158 141 115
620.630000 201.690000 538.510000 217.660000 106 135 159
723.780000 199.900000 950.060000 66.870000 177 167 146
903.790000 199.010000 909.700000 216.080000 161 146 137
440.930000 192.400000 338.520000 167.000000 105 178 226
967.850000 192.050000 979.640000 215.460000 110 100 82
948.740000 191.550000 958.280000 213.490000 130 117 84
932.160000 190.520000 939.810000 211.180000 118 99 78
383.010000 190.660000 269.000000 151.570000 86 154 193
658.840000 188.160000 623.070000 181.570000 138 118 105
702.940000 184.880000 677.730000 182.930000 173 162 148
806.820000 180.520000 721.580000 228.470000 52 43 25
847.240000 178.890000 890.030000 175.470000 141 125 102
406.040000 179.090000 297.450000 143.420000 130 197 251
407.840000 176.920000 300.510000 141.880000 91 162 217
738.400000 173.880000 720.940000 174.980000 159 151 128
802.980000 171.780000 747.840000 205.120000 157 140 120
940.190000 170.460000 949.510000 192.140000 95 80 59
730.720000 169.800000 711.630000 170.410000 146 135 119
730.720000 169.800000 711.630000 170.410000 146 135 119
966.190000 168.860000 979.040000 192.320000 165 151 133
443.480000 167.830000 345.110000 137.790000 71 150 195
440.070000 167.310000 341.920000 137.050000 114 187 239
514.100000 162.680000 441.850000 140.020000 39 57 79
514.100000 162.680000 441.850000 140.020000 39 57 79
358.350000 161.350000 242.100000 113.530000 67 132 182
629.570000 156.880000 588.910000 147.110000 138 129 116
629.570000 156.880000 588.910000 147.110000 138 129 116
644.060000 154.240000 607.230000 145.620000 142 123 112
902.950000 149.520000 910.870000 167.880000 201 177 155
864.830000 140.060000 721.580000 228.470000 40 30 12
961.020000 138.850000 973.650000 163.390000 151 140 131
870.990000 136.390000 721.580000 228.470000 45 33 23
382.830000 135.930000 113.600000 305.370000 76 144 193
338.920000 131.910000 219.430000 73.060000 132 193 246
564.100000 128.240000 507.490000 111.020000 201 218 242
902.600000 127.990000 946.980000 128.760000 156 148 146
335.090000 127.320000 213.880000 66.230000 128 201 253
906.640000 125.450000 933.170000 135.630000 123 112 112
906.640000 125.450000 933.170000 135.630000 123 112 112
918.740000 122.430000 929.120000 142.300000 133 118 99
608.170000 122.340000 530.180000 138.320000 128 124 114
547.320000 115.160000 488.410000 95.020000 218 209 214
547.320000 115.160000 488.410000 95.020000 218 209 214
930.220000 111.140000 941.530000 133.440000 206 193 188
934.280000 106.320000 946.980000 128.760000 132 119 115
907.420000 105.650000 659.410000 256.150000 86 75 57
805.980000 105.560000 798.990000 116.730000 109 128 126
647.320000 98.940000 614.960000 90.360000 186 170 154
655.030000 96.910000 624.400000 88.320000 181 165 149
662.020000 87.010000 633.670000 79.070000 139 123 111
662.020000 87.010000 633.670000 79.070000 139 123 111
662.880000 83.680000 634.900000 75.760000 179 163 151
743.540000 82.670000 568.330000 196.910000 94 122 132
749.640000 80.040000 763.020000 64.870000 180 210 223
751.570000 78.100000 839.390000 11.680000 185 215 226
543.230000 77.190000 486.790000 54.930000 149 140 129
750.920000 75.140000 585.960000 184.410000 60 89 104
552.160000 72.860000 497.450000 51.270000 137 130 123
575.620000 71.380000 562.060000 15.520000 122 122 122
601.820000 71.020000 558.780000 56.770000 55 57 65
628.660000 69.590000 593.600000 58.640000 153 140 135
662.540000 65.780000 635.100000 57.510000 140 124 112
662.540000 65.780000 635.100000 57.510000 140 124 112
662.540000 65.780000 635.100000 57.510000 140 124 112
803.440000 65.340000 569.600000 221.530000 130 154 158
776.080000 54.650000 809.560000 32.440000 166 191 203
773.010000 53.640000 737.540000 78.900000 32 61 78
773.010000 53.640000 737.540000 78.900000 32 61 78
520.420000 50.070000 458.890000 22.430000 152 159 169
721.120000 48.260000 708.340000 46.060000 144 133 121
564.230000 45.700000 514.640000 24.040000 245 249 244
573.430000 33.160000 526.190000 14.030000 180 179 174
862.230000 20.190000 869.590000 38.210000 128 115 107
809.350000 13.440000 808.260000 25.190000 163 193 217
