454.740000 392.370000 447.580000 479.360000 137 128 105
454.740000 392.370000 447.580000 479.360000 137 128 105
456.250000 391.990000 447.580000 479.360000 90 81 59
456.250000 391.990000 447.580000 479.360000 90 81 59
804.630000 467.750000 978.600000 539.230000 183 158 140
466.340000 202.980000 437.970000 292.910000 172 203 238
863.520000 414.110000 1047.040000 469.630000 71 52 41
536.050000 333.110000 550.840000 413.160000 203 183 170
343.740000 438.580000 310.840000 537.760000 46 38 61
277.680000 322.730000 235.650000 420.360000 84 77 101
694.080000 229.890000 762.270000 280.230000 75 68 71
688.640000 203.120000 752.850000 251.960000 221 204 196
763.870000 187.070000 863.200000 222.830000 69 61 60
882.710000 128.450000 997.530000 152.750000 75 59 58
372.330000 376.450000 339.080000 470.830000 227 214 219
316.440000 330.420000 273.500000 430.170000 255 254 255
587.030000 293.910000 620.840000 359.500000 85 71 74
587.030000 293.910000 620.840000 359.500000 85 71 74
164.000000 269.190000 115.000000 364.860000 66 69 83
872.100000 99.630000 983.970000 120.240000 139 122 114
293.100000 536.020000 287.460000 664.550000 164 170 178
433.740000 339.400000 413.240000 426.430000 86 76 86
560.430000 311.050000 580.270000 384.430000 76 68 73
383.540000 291.200000 350.560000 382.450000 140 143 152
1033.470000 201.970000 1120.830000 239.810000 75 59 58
1014.770000 155.310000 1095.890000 190.640000 67 51 48
587.410000 455.240000 632.710000 544.240000 210 189 180
572.590000 448.470000 604.330000 533.730000 67 55 43
1118.750000 439.120000 1221.620000 482.940000 170 155 148
332.870000 345.790000 293.670000 442.320000 75 72 85
352.640000 342.530000 316.510000 436.400000 253 252 254
188.850000 290.930000 142.780000 390.600000 33 37 56
692.420000 266.890000 762.280000 317.290000 131 127 127
692.420000 266.890000 762.280000 317.290000 131 127 127
449.050000 238.010000 431.240000 320.770000 174 184 198
833.420000 235.770000 977.470000 266.850000 233 217 205
829.700000 84.980000 948.900000 96.690000 228 218 212
927.720000 485.560000 1110.910000 546.630000 109 89 84
381.070000 475.120000 364.270000 578.820000 118 111 89
1103.510000 473.100000 1218.870000 516.020000 98 85 81
1093.280000 471.990000 1212.940000 519.820000 188 170 169
368.070000 470.570000 342.440000 572.580000 106 99 95
851.990000 447.850000 1038.200000 507.580000 101 80 71
1155.230000 447.230000 1246.180000 489.440000 184 179 171
729.380000 438.960000 834.580000 514.610000 128 134 118
297.910000 336.830000 256.500000 433.820000 62 60 97
384.460000 329.720000 354.490000 422.120000 108 103 107
1151.090000 297.880000 1205.690000 335.960000 180 177 170
201.360000 285.700000 155.580000 382.330000 231 242 248
479.480000 276.580000 457.220000 361.330000 249 251 254
678.420000 257.120000 745.830000 314.980000 249 240 238
370.240000 235.440000 345.040000 325.500000 245 253 255
370.240000 235.440000 345.040000 325.500000 245 253 255
1002.590000 218.980000 1095.890000 252.660000 205 201 201
400.260000 155.890000 377.880000 245.050000 137 202 231
1156.830000 121.580000 1174.950000 169.890000 59 50 55
832.420000 78.950000 948.900000 96.690000 239 228 239
395.650000 71.160000 378.100000 160.600000 239 254 255
169.100000 614.040000 136.780000 839.310000 245 240 253
507.150000 593.050000 633.510000 742.230000 255 248 249
1030.580000 508.230000 1180.380000 565.200000 159 141 131
394.570000 501.420000 388.210000 608.040000 66 67 72
1082.880000 467.850000 1203.520000 517.400000 83 71 63
343.400000 467.920000 310.650000 569.010000 154 152 137
343.400000 467.920000 310.650000 569.010000 154 152 137
1122.710000 435.430000 1175.790000 481.030000 181 165 161
171.390000 401.640000 118.270000 507.700000 116 111 129
562.380000 325.260000 582.960000 400.370000 53 46 47
175.000000 293.310000 125.460000 392.730000 150 150 174
483.120000 287.230000 457.400000 375.240000 87 88 90
158.900000 280.270000 109.250000 380.310000 49 42 69
1063.640000 247.010000 1137.090000 284.420000 31 35 54
1002.650000 218.670000 1095.890000 252.660000 205 201 201
655.290000 198.670000 708.880000 249.840000 68 58 35
655.290000 198.670000 708.880000 249.840000 68 58 35
790.530000 184.130000 900.090000 215.430000 56 46 32
562.980000 171.870000 575.130000 238.600000 198 214 230
562.980000 171.870000 575.130000 238.600000 198 214 230
902.310000 160.800000 1017.110000 186.160000 138 123 117
911.200000 156.580000 1024.850000 183.110000 100 83 85
285.280000 149.750000 257.470000 238.990000 242 245 248
494.440000 147.320000 475.900000 233.050000 234 255 255
504.370000 141.480000 485.490000 226.340000 80 134 171
598.660000 129.400000 618.620000 193.880000 253 251 255
1008.920000 99.000000 1079.190000 133.860000 65 59 53
832.760000 78.170000 948.900000 96.690000 239 228 239
1075.240000 35.110000 1108.340000 82.830000 224 222 223
519.060000 657.390000 775.940000 901.290000 218 210 209
597.850000 555.360000 701.320000 667.730000 72 52 45
954.040000 542.490000 1135.230000 617.510000 94 81 76
1136.940000 499.340000 1246.960000 548.660000 252 250 239
378.140000 448.950000 346.270000 546.850000 247 234 223
377.870000 417.440000 346.210000 514.040000 228 211 206
352.850000 363.760000 314.320000 460.840000 149 149 185
293.490000 327.710000 250.870000 425.730000 132 153 189
673.810000 234.690000 737.250000 292.040000 187 178 172
673.810000 234.690000 737.250000 292.040000 187 178 172
680.040000 228.920000 743.850000 279.910000 49 38 26
962.770000 203.140000 1065.360000 234.810000 195 191 189
592.270000 197.700000 615.500000 260.810000 83 86 79
673.380000 194.640000 728.880000 245.320000 206 193 195
667.370000 190.710000 721.450000 241.960000 45 34 35
667.370000 190.710000 721.450000 241.960000 45 34 35
914.250000 184.230000 1031.490000 210.880000 43 34 28
672.360000 177.410000 726.070000 228.950000 254 250 232
106.330000 175.540000 59.810000 267.670000 141 166 194
777.820000 168.070000 883.150000 197.780000 58 44 21
666.420000 161.240000 718.130000 211.200000 72 61 63
666.420000 161.240000 718.130000 211.200000 72 61 63
301.640000 147.780000 274.300000 238.750000 251 250 255
466.360000 77.260000 449.930000 165.070000 232 255 255
1085.710000 65.370000 1121.670000 111.920000 159 148 150
900.240000 14.190000 988.740000 39.520000 142 130 124
510.850000 594.340000 639.350000 743.430000 255 250 248
510.850000 594.340000 633.510000 742.230000 255 250 248
155.440000 565.210000 106.720000 729.450000 255 250 255
168.900000 543.590000 125.480000 689.890000 226 223 228
168.900000 543.590000 125.480000 689.890000 226 223 228
117.420000 521.360000 45.440000 660.380000 220 212 217
1028.270000 453.060000 1166.270000 503.280000 190 173 163
237.820000 452.890000 187.550000 560.360000 155 148 163
1086.150000 449.150000 1202.860000 497.150000 114 101 97
1155.350000 437.360000 1243.190000 481.880000 57 51 39
744.710000 427.760000 810.610000 501.810000 125 113 83
301.960000 426.530000 259.090000 530.600000 92 84 111
289.600000 406.300000 246.040000 507.090000 116 112 131
581.920000 381.310000 614.550000 459.170000 94 92 91
594.850000 374.250000 632.460000 448.440000 90 88 95
669.690000 373.160000 743.510000 441.000000 78 66 71
669.690000 373.160000 743.510000 441.000000 78 66 71
334.940000 363.820000 296.460000 460.660000 144 137 154
725.500000 337.200000 820.640000 392.930000 146 162 171
349.890000 322.700000 319.310000 415.100000 112 113 115
349.890000 322.700000 319.310000 415.100000 112 113 115
254.160000 321.180000 210.810000 419.830000 71 72 86
582.010000 315.960000 609.620000 386.630000 65 64 69
138.600000 307.420000 85.060000 407.200000 45 36 67
138.700000 297.700000 85.060000 407.200000 63 54 85
176.710000 291.900000 129.910000 387.630000 156 155 180
1014.830000 289.720000 1119.970000 326.080000 83 76 69
132.040000 273.430000 82.510000 361.210000 128 121 151
137.920000 253.710000 87.870000 348.710000 52 44 77
137.920000 253.710000 87.870000 348.710000 52 44 77
884.050000 250.920000 1020.430000 281.160000 179 153 148
677.890000 248.290000 742.350000 301.090000 57 47 44
1005.730000 233.930000 1101.340000 267.820000 94 89 98
951.910000 204.750000 1052.840000 237.740000 26 24 21
1011.240000 204.570000 1101.950000 238.570000 42 35 36
607.390000 188.460000 637.430000 249.580000 238 245 255
958.100000 181.640000 1066.440000 214.310000 55 48 42
666.040000 178.140000 719.240000 228.870000 74 61 72
438.960000 161.470000 420.430000 249.640000 188 252 255
912.200000 158.630000 1024.850000 183.110000 82 68 69
921.520000 155.680000 1035.910000 183.830000 60 48 53
294.430000 156.380000 266.150000 243.270000 240 253 255
478.970000 149.210000 459.550000 234.990000 61 132 128
584.630000 143.120000 602.750000 207.340000 252 252 255
348.050000 105.530000 323.580000 195.650000 140 171 177
570.030000 33.920000 576.360000 106.980000 63 66 83
1081.220000 32.340000 1112.210000 78.950000 77 68 77
894.420000 21.090000 987.120000 46.400000 62 49 44
555.910000 8.990000 561.090000 81.900000 99 89 86
154.650000 560.370000 101.740000 723.300000 151 146 152
163.080000 534.560000 107.950000 677.840000 243 239 245
183.230000 530.110000 135.650000 666.760000 218 215 220
183.230000 530.110000 135.650000 666.760000 218 215 220
427.600000 493.830000 969.580000 710.990000 149 171 80
366.360000 482.760000 340.810000 585.740000 236 233 245
705.800000 469.900000 809.900000 549.560000 255 242 228
346.060000 463.060000 309.700000 564.360000 231 228 223
701.500000 458.890000 801.660000 537.330000 254 246 231
568.520000 443.360000 601.000000 529.650000 62 46 32
710.210000 429.940000 810.610000 501.810000 59 41 20
723.620000 424.610000 824.720000 495.740000 239 225 200
412.060000 424.300000 381.870000 519.200000 134 121 124
366.650000 424.220000 332.040000 521.410000 240 230 243
373.360000 419.050000 339.910000 516.350000 247 229 227
362.570000 410.060000 326.770000 505.060000 84 76 97
257.820000 405.840000 211.780000 508.530000 104 99 117
667.080000 400.710000 744.150000 472.330000 105 84 75
667.080000 400.710000 744.150000 472.330000 105 84 75
366.370000 386.370000 331.880000 481.810000 240 230 246
577.160000 377.620000 627.200000 450.280000 192 192 187
365.950000 374.970000 330.990000 470.370000 196 195 210
286.250000 372.530000 243.410000 471.860000 71 69 88
838.200000 369.640000 1007.390000 416.850000 250 236 232
294.840000 369.470000 252.860000 468.840000 77 75 84
806.590000 368.250000 954.970000 419.170000 77 67 45
850.740000 361.280000 1022.970000 405.660000 71 62 50
842.410000 357.070000 1010.000000 401.280000 255 252 240
257.710000 356.980000 212.590000 458.060000 147 144 157
351.960000 347.470000 313.370000 443.940000 255 254 255
315.510000 342.920000 272.980000 440.790000 255 254 255
368.890000 336.980000 337.990000 428.090000 239 228 229
923.520000 332.590000 1064.830000 372.310000 78 61 52
664.820000 329.830000 732.690000 393.210000 245 241 249
222.720000 329.070000 176.840000 430.060000 120 114 136
576.340000 324.880000 604.120000 396.650000 220 220 217
341.470000 311.780000 313.020000 403.820000 240 250 255
599.030000 298.410000 634.520000 366.900000 255 247 248
601.990000 291.690000 637.990000 358.400000 69 57 53
599.520000 277.000000 634.370000 343.100000 110 94 80
498.400000 275.630000 479.530000 360.830000 238 253 255
1068.540000 245.200000 1142.580000 283.060000 38 38 26
1073.800000 240.350000 1147.300000 278.320000 53 51 40
1081.180000 235.090000 1152.480000 272.620000 32 25 21
822.360000 213.820000 953.420000 242.130000 253 241 223
644.780000 213.950000 691.380000 269.190000 238 225 228
1002.740000 211.130000 1094.760000 245.500000 58 51 51
968.560000 196.590000 1070.420000 229.020000 55 52 47
909.220000 187.160000 1027.190000 214.730000 186 175 166
798.710000 183.670000 912.180000 212.610000 96 80 64
798.710000 183.670000 912.180000 212.610000 96 80 64
667.880000 183.410000 722.520000 233.730000 247 237 236
565.770000 180.450000 580.140000 246.870000 226 246 252
910.170000 179.060000 1028.420000 206.210000 193 183 170
795.270000 175.820000 906.080000 204.440000 254 239 231
792.240000 171.970000 900.340000 201.530000 147 134 132
760.990000 171.600000 852.840000 208.330000 255 244 233
305.020000 137.540000 276.400000 229.000000 246 251 255
345.330000 131.420000 321.530000 220.610000 131 136 145
345.330000 131.420000 414.320000 141.750000 131 136 145
908.360000 120.010000 1015.730000 144.820000 115 94 85
343.550000 108.880000 320.050000 200.790000 237 255 255
246.480000 104.170000 217.170000 194.350000 98 156 167
880.650000 102.490000 989.770000 125.590000 147 129 126
521.970000 83.800000 519.450000 160.530000 199 199 211
1079.840000 78.700000 1120.420000 123.520000 121 115 111
834.920000 73.960000 951.350000 91.240000 198 187 198
784.890000 43.600000 872.940000 71.090000 255 251 242
692.810000 589.390000 696.030000 668.920000 211 188 182
970.360000 585.950000 1254.420000 677.130000 113 91 79
744.110000 582.630000 640.430000 632.030000 79 67 62
683.960000 578.930000 597.970000 643.390000 69 44 31
674.500000 558.890000 681.920000 645.950000 215 200 192
191.990000 537.530000 149.070000 679.450000 239 236 241
625.400000 530.840000 559.720000 601.370000 124 108 94
855.980000 508.260000 1053.720000 584.520000 88 60 48
472.860000 498.340000 489.340000 597.870000 230 222 212
371.030000 496.240000 355.810000 602.920000 69 70 96
420.040000 491.010000 416.230000 592.940000 249 253 248
398.490000 482.400000 380.660000 584.570000 174 166 171
838.480000 475.280000 1025.970000 545.030000 169 144 135
474.750000 471.500000 462.890000 566.460000 217 215 201
272.310000 463.820000 226.460000 569.910000 178 175 190
457.480000 461.610000 443.070000 557.170000 58 46 39
462.180000 457.480000 447.140000 551.630000 62 52 46
379.380000 451.310000 348.520000 550.340000 254 246 232
241.890000 450.710000 191.410000 557.980000 67 60 75
459.020000 445.410000 444.050000 539.340000 165 154 145
484.570000 440.520000 463.510000 532.070000 142 131 128
490.310000 437.980000 469.300000 529.240000 21 13 13
233.740000 436.710000 185.200000 542.990000 110 103 118
945.800000 435.430000 1105.780000 488.770000 188 170 170
724.090000 432.940000 826.480000 504.980000 129 130 112
724.090000 432.940000 826.480000 504.980000 129 130 112
230.280000 432.300000 180.860000 538.740000 124 118 130
374.960000 424.200000 342.530000 520.710000 137 119 117
291.400000 423.970000 247.260000 525.630000 105 94 118
175.670000 424.090000 123.710000 533.040000 119 114 130
287.360000 410.110000 243.770000 510.670000 25 16 35
666.990000 404.560000 745.600000 481.100000 118 97 88
419.070000 402.120000 412.200000 493.520000 209 202 198
408.150000 399.700000 401.590000 490.660000 67 57 67
658.560000 394.620000 731.210000 465.690000 255 238 231
557.740000 393.630000 491.020000 472.860000 254 248 240
709.390000 391.150000 808.410000 456.540000 236 223 216
668.070000 390.050000 743.230000 460.940000 91 70 61
559.130000 389.840000 583.960000 470.870000 127 115 109
497.510000 386.290000 476.410000 475.010000 124 115 120
294.280000 384.400000 251.070000 483.150000 51 48 63
751.360000 382.680000 868.790000 442.730000 244 231 222
291.210000 381.310000 247.730000 480.780000 122 119 134
758.380000 381.080000 855.290000 445.710000 240 228 220
317.930000 379.320000 278.720000 477.580000 113 109 130
269.470000 379.070000 223.860000 479.550000 60 57 83
210.560000 378.650000 159.440000 481.890000 150 140 156
210.560000 378.650000 159.440000 481.890000 150 140 156
369.550000 376.450000 335.550000 471.410000 173 161 167
318.690000 375.840000 278.590000 473.470000 65 62 79
665.420000 374.910000 738.380000 442.720000 246 233 231
290.860000 369.570000 247.840000 467.980000 121 119 128
846.530000 369.660000 1020.290000 415.710000 98 77 75
302.100000 368.030000 259.610000 466.240000 43 41 50
664.910000 362.420000 736.500000 428.460000 248 239 247
275.060000 361.250000 230.180000 460.740000 52 53 65
812.150000 359.480000 961.380000 407.890000 133 122 110
923.010000 357.540000 1069.950000 400.360000 69 54 45
829.030000 356.020000 961.380000 407.890000 138 126 114
687.940000 352.280000 766.960000 415.040000 161 152 153
843.030000 350.060000 1007.250000 393.100000 255 249 250
843.030000 350.060000 1007.250000 393.100000 255 249 250
697.330000 347.130000 777.310000 409.640000 89 85 87
342.660000 345.360000 303.470000 441.150000 250 247 254
734.470000 338.430000 833.200000 394.780000 118 111 114
493.560000 335.650000 477.660000 420.420000 128 140 163
377.980000 325.960000 346.340000 417.680000 219 213 209
381.380000 324.710000 350.120000 416.330000 96 90 92
555.260000 323.560000 575.040000 398.110000 255 249 242
567.350000 316.590000 588.340000 389.300000 123 120 123
576.960000 302.380000 603.240000 372.420000 154 142 145
595.050000 297.110000 630.030000 362.990000 66 56 63
475.260000 293.140000 448.340000 381.000000 74 75 79
997.380000 289.870000 1102.590000 328.380000 167 167 153
603.390000 286.720000 639.090000 352.540000 253 242 234
603.390000 286.720000 639.090000 352.540000 253 242 234
600.440000 284.450000 635.310000 350.370000 106 92 81
508.510000 281.650000 440.360000 374.440000 88 93 100
1148.860000 270.900000 1199.000000 310.850000 55 51 51
697.470000 266.280000 767.990000 318.740000 60 56 64
671.480000 256.620000 733.790000 310.870000 252 245 241
682.530000 251.460000 749.850000 303.750000 242 235 236
1068.120000 250.220000 1143.040000 288.160000 176 177 167
1072.280000 246.590000 1146.910000 283.160000 189 187 172
555.070000 233.330000 567.990000 303.540000 78 75 78
675.720000 231.270000 738.750000 282.620000 252 244 239
730.520000 209.060000 813.300000 251.790000 54 40 47
595.120000 201.680000 619.490000 265.620000 242 238 237
602.020000 199.940000 626.680000 265.460000 170 164 150
722.690000 196.220000 807.420000 235.180000 255 247 211
642.870000 194.220000 688.530000 249.090000 195 181 168
658.600000 193.100000 711.950000 244.240000 96 87 69
656.060000 190.940000 708.490000 242.370000 251 241 227
959.200000 188.190000 1065.200000 220.470000 132 125 121
797.580000 187.920000 910.770000 218.230000 228 216 205
633.590000 180.340000 672.460000 235.710000 200 185 178
484.580000 171.240000 463.940000 257.680000 71 138 153
549.380000 166.190000 557.550000 235.390000 130 120 117
740.670000 153.120000 823.010000 190.380000 239 224 217
326.710000 135.950000 300.680000 226.280000 113 132 136
326.710000 135.950000 300.680000 226.280000 113 132 136
330.620000 134.940000 303.760000 225.440000 236 255 255
586.000000 126.500000 604.080000 190.210000 253 250 244
230.220000 105.020000 200.090000 195.250000 253 251 255
796.870000 102.250000 898.180000 128.190000 248 241 236
605.300000 98.670000 629.570000 156.880000 147 137 134
605.300000 98.670000 629.570000 156.880000 147 137 134
825.140000 89.650000 938.690000 108.880000 254 247 241
382.090000 83.710000 362.020000 173.340000 219 252 253
738.630000 74.860000 804.160000 117.120000 237 230 233
470.830000 67.170000 454.020000 155.320000 153 254 255
648.440000 23.930000 680.470000 79.770000 241 229 224
672.540000 17.660000 713.570000 68.710000 199 186 181
566.010000 8.790000 571.060000 83.010000 66 60 69
634.610000 558.870000 752.490000 669.190000 165 147 145
593.450000 556.190000 696.030000 668.920000 208 188 181
549.960000 543.680000 624.630000 654.630000 141 121 112
853.640000 541.210000 1058.120000 627.490000 93 67 61
197.000000 533.420000 156.910000 670.230000 246 240 249
196.400000 530.560000 154.850000 666.240000 146 140 149
201.400000 527.300000 159.440000 661.330000 129 123 132
844.120000 523.380000 1044.200000 605.130000 154 129 121
812.430000 522.600000 801.840000 591.790000 250 242 231
864.460000 517.030000 1081.590000 594.830000 119 95 81
510.590000 509.690000 537.600000 610.640000 233 218 214
848.580000 509.130000 1046.960000 586.670000 120 95 82
509.160000 506.910000 536.660000 607.450000 155 138 135
845.870000 506.620000 1043.660000 583.700000 245 227 214
497.150000 505.040000 519.280000 605.940000 247 233 230
490.450000 503.890000 512.020000 604.840000 240 227 223
404.030000 502.840000 400.770000 609.670000 104 108 80
377.060000 493.490000 362.600000 598.900000 107 107 127
473.560000 492.150000 493.610000 589.410000 188 208 152
947.820000 491.350000 1120.200000 554.430000 111 95 91
255.200000 489.530000 215.540000 603.050000 62 56 89
254.920000 486.450000 215.100000 599.220000 93 87 116
353.100000 482.490000 326.730000 586.380000 73 70 82
843.490000 480.150000 1034.360000 550.260000 159 137 129
948.970000 478.590000 1086.430000 535.000000 103 87 83
890.090000 473.190000 1073.580000 537.520000 56 36 25
828.550000 472.810000 1009.170000 543.120000 247 222 207
462.790000 472.330000 449.610000 568.160000 80 87 41
274.830000 470.830000 232.450000 578.070000 98 96 115
825.480000 470.390000 922.310000 538.830000 159 135 119
730.370000 470.540000 837.800000 553.470000 203 226 217
344.580000 470.190000 312.160000 572.470000 245 246 236
749.430000 463.960000 877.620000 538.890000 225 209 197
928.750000 462.360000 1097.980000 522.110000 81 62 52
460.560000 462.660000 445.940000 556.980000 148 139 128
894.630000 461.620000 1073.570000 523.340000 135 114 113
945.570000 457.780000 1111.600000 514.990000 96 80 76
593.550000 448.760000 574.430000 532.980000 255 246 235
460.340000 448.340000 446.110000 542.300000 76 64 59
385.090000 448.520000 354.930000 546.360000 143 131 121
847.350000 446.740000 1034.510000 508.490000 110 89 80
847.350000 446.740000 1034.510000 508.490000 110 89 80
355.770000 446.570000 569.970000 581.490000 83 79 99
828.430000 444.980000 976.600000 516.390000 234 221 202
840.700000 444.610000 1023.390000 506.600000 243 235 224
236.150000 439.230000 188.100000 545.440000 58 51 66
502.190000 437.880000 481.270000 528.960000 32 23 30
839.020000 432.740000 1020.460000 492.350000 157 135 123
948.650000 429.300000 1109.200000 486.200000 80 65 65
402.520000 427.230000 372.600000 522.770000 66 53 56
886.400000 423.830000 1060.050000 478.450000 62 45 39
869.230000 418.600000 1047.590000 473.110000 56 37 24
379.750000 412.310000 348.100000 508.880000 248 231 223
841.980000 408.620000 1021.140000 461.800000 170 150 139
841.980000 408.620000 1021.140000 461.800000 170 150 139
825.250000 405.070000 946.730000 462.410000 158 138 129
362.890000 404.970000 327.360000 501.750000 87 79 100
352.930000 403.120000 313.700000 500.580000 116 112 131
414.340000 396.680000 406.590000 487.760000 190 178 181
690.340000 382.800000 783.890000 447.290000 244 234 228
709.800000 378.560000 783.890000 447.290000 253 244 236
261.910000 378.370000 215.870000 479.340000 45 43 64
832.960000 374.470000 999.660000 422.910000 225 210 197
320.710000 367.500000 280.450000 464.900000 113 109 127
361.980000 365.520000 326.980000 461.690000 114 123 149
760.880000 364.830000 867.000000 424.010000 160 144 132
485.910000 362.540000 462.320000 451.100000 81 69 74
806.210000 360.870000 961.380000 407.890000 151 140 129
508.340000 361.040000 472.010000 449.950000 67 60 63
277.420000 361.020000 233.930000 460.890000 47 48 60
780.450000 360.430000 904.640000 414.840000 162 142 137
282.300000 358.640000 239.800000 457.590000 146 145 158
300.220000 354.890000 260.690000 452.620000 121 117 136
273.700000 355.150000 230.600000 454.070000 103 100 113
806.960000 354.710000 949.890000 403.390000 183 160 152
271.110000 353.260000 227.860000 452.710000 184 181 194
299.900000 351.990000 259.480000 449.970000 80 76 96
464.690000 349.030000 447.440000 436.690000 197 192 184
464.690000 349.030000 447.440000 436.690000 197 192 184
842.010000 335.110000 1003.740000 375.920000 251 240 236
418.030000 334.040000 396.220000 422.630000 96 97 97
733.650000 333.550000 832.140000 389.280000 111 104 104
412.450000 333.570000 389.900000 422.870000 93 93 91
843.860000 332.650000 1005.910000 373.040000 128 107 105
290.170000 331.820000 247.830000 431.490000 136 130 164
565.110000 330.200000 587.070000 404.420000 216 213 216
574.510000 328.030000 602.560000 399.970000 73 73 75
692.960000 326.400000 769.750000 384.010000 77 76 70
584.230000 317.470000 612.440000 388.570000 48 50 55
519.190000 315.520000 526.200000 390.140000 226 212 216
403.630000 307.250000 379.650000 394.950000 184 183 187
735.610000 265.620000 827.230000 317.500000 95 92 95
839.730000 259.730000 987.730000 289.680000 218 201 193
790.630000 259.170000 910.820000 296.840000 163 159 147
996.150000 251.060000 1094.420000 288.000000 169 170 160
674.590000 250.060000 738.460000 303.760000 252 247 244
267.220000 241.140000 362.890000 250.510000 198 201 217
828.630000 235.610000 965.760000 265.160000 255 242 230
682.650000 233.660000 748.030000 285.390000 142 135 134
543.490000 228.460000 554.070000 299.220000 205 193 185
997.560000 224.510000 1091.390000 258.730000 124 120 122
612.740000 224.100000 647.660000 284.960000 246 233 214
995.460000 222.540000 1088.270000 258.270000 142 138 140
749.760000 204.850000 835.970000 246.650000 121 113 114
755.110000 201.700000 864.370000 231.030000 142 136 149
830.530000 188.870000 961.650000 212.840000 251 238 220
777.850000 186.350000 880.210000 219.420000 81 70 67
794.520000 183.920000 905.530000 214.930000 140 129 115
786.260000 175.880000 894.130000 206.790000 198 186 181
670.700000 164.320000 722.910000 214.430000 217 207 209
663.710000 158.340000 714.610000 208.080000 106 95 97
636.650000 158.670000 675.110000 213.400000 197 182 175
566.160000 145.550000 579.370000 211.530000 138 128 122
534.600000 133.190000 537.540000 205.150000 247 239 233
952.880000 127.330000 353.900000 375.170000 55 38 40
770.430000 121.140000 862.440000 152.020000 245 228 229
624.400000 97.690000 654.320000 154.950000 208 192 185
384.780000 92.920000 364.660000 181.410000 166 185 199
352.890000 93.090000 328.680000 183.790000 183 197 205
517.960000 84.860000 514.100000 162.680000 116 126 145
572.910000 84.340000 582.420000 153.780000 192 184 189
584.390000 68.650000 597.840000 134.260000 194 187 188
839.000000 60.440000 954.830000 76.180000 105 97 75
758.450000 51.420000 831.350000 87.590000 180 177 180
646.660000 37.700000 679.580000 92.660000 240 228 223
642.140000 14.920000 671.070000 72.370000 252 246 241
