717.520000 576.130000 978.600000 539.230000 181 152 132
762.740000 229.670000 995.650000 119.090000 88 66 70
321.130000 304.500000 437.970000 292.910000 160 189 229
857.530000 705.120000 1175.750000 697.030000 193 165 147
886.090000 657.620000 1159.970000 632.230000 46 33 31
456.440000 426.290000 605.760000 394.060000 147 149 149
488.190000 591.210000 652.710000 560.650000 197 173 155
236.050000 567.990000 389.080000 541.510000 53 45 48
156.360000 551.380000 310.840000 537.760000 44 39 57
776.100000 520.160000 1047.040000 469.630000 47 27 20
408.460000 438.750000 550.840000 413.160000 201 178 161
72.870000 422.040000 235.650000 420.360000 70 65 91
484.210000 593.060000 652.710000 560.650000 182 159 142
225.950000 516.550000 367.770000 500.770000 65 54 58
736.550000 506.110000 997.830000 457.370000 231 211 198
736.190000 454.490000 990.500000 390.910000 186 162 145
533.930000 344.620000 702.850000 286.490000 218 199 185
85.700000 690.270000 287.460000 664.550000 141 147 154
123.620000 431.220000 273.500000 430.170000 249 252 255
580.230000 313.370000 752.850000 251.960000 198 182 169
657.640000 302.460000 863.200000 222.830000 48 45 40
532.340000 288.920000 691.020000 228.180000 217 198 184
684.010000 160.240000 892.130000 46.030000 182 160 145
472.360000 574.060000 632.710000 544.240000 190 169 149
765.140000 480.200000 1028.480000 416.720000 121 101 94
198.960000 480.990000 339.080000 470.830000 177 169 163
280.560000 442.900000 413.240000 426.430000 72 64 69
280.560000 442.900000 413.240000 426.430000 72 64 69
888.760000 416.710000 1129.150000 346.590000 60 45 38
466.760000 401.220000 620.840000 359.500000 67 61 57
466.760000 401.220000 620.840000 359.500000 67 61 57
585.630000 339.870000 762.270000 280.230000 59 52 55
782.020000 272.800000 1017.480000 173.140000 79 63 60
734.880000 240.410000 967.340000 129.560000 60 48 42
376.700000 567.190000 519.160000 543.840000 64 53 52
617.730000 545.440000 817.380000 507.450000 53 36 27
645.120000 542.270000 853.240000 504.940000 35 28 17
915.860000 538.320000 1172.770000 489.800000 146 132 119
546.080000 538.450000 723.860000 502.860000 229 210 199
175.550000 443.770000 316.510000 436.400000 250 252 255
757.130000 436.830000 1012.300000 366.500000 114 94 79
436.250000 416.190000 580.270000 384.430000 70 67 62
436.250000 416.190000 580.270000 384.430000 70 67 62
786.550000 349.830000 1028.410000 261.980000 65 45 38
645.140000 336.290000 840.820000 267.200000 255 251 255
303.860000 335.780000 431.240000 320.770000 73 75 85
738.130000 281.060000 976.500000 179.130000 92 76 70
721.990000 274.300000 957.040000 170.710000 235 222 207
219.980000 266.110000 349.620000 262.080000 135 218 245
734.370000 239.920000 967.340000 129.560000 64 52 47
268.050000 610.360000 420.870000 586.840000 255 252 253
209.060000 599.220000 364.270000 578.820000 95 90 80
191.980000 594.050000 342.440000 572.580000 89 77 80
154.010000 589.080000 310.650000 569.010000 141 150 116
915.900000 576.160000 1178.600000 536.480000 146 127 116
819.610000 547.580000 1085.300000 500.450000 171 152 137
795.190000 544.510000 1063.950000 493.990000 175 155 148
981.770000 534.790000 1233.900000 485.650000 53 40 38
981.770000 534.790000 1233.900000 485.650000 53 40 38
149.580000 446.910000 293.670000 442.320000 49 43 67
100.250000 436.920000 256.500000 433.820000 45 44 95
637.920000 436.070000 837.910000 382.780000 82 76 72
217.690000 431.720000 354.490000 422.120000 88 82 75
573.290000 415.060000 752.520000 365.220000 223 206 193
56.790000 407.800000 221.430000 409.070000 72 69 86
149.940000 392.950000 297.570000 388.390000 203 253 255
337.700000 375.710000 457.220000 361.330000 209 248 255
584.730000 374.840000 762.280000 317.290000 108 101 100
584.730000 374.840000 762.280000 317.290000 108 101 100
570.280000 367.570000 745.830000 314.980000 245 236 224
570.280000 367.570000 745.830000 314.980000 245 236 224
208.590000 330.020000 345.040000 325.500000 210 255 255
208.590000 330.020000 345.040000 325.500000 210 255 255
875.560000 306.980000 1105.970000 214.410000 135 119 114
822.680000 274.160000 1053.320000 173.320000 132 118 105
753.680000 230.850000 983.970000 120.240000 126 105 98
892.190000 203.390000 1109.120000 91.080000 198 193 192
745.640000 173.960000 969.650000 51.450000 124 102 90
563.110000 159.090000 720.760000 81.230000 255 253 247
576.450000 139.600000 734.990000 56.900000 91 88 84
870.100000 619.900000 1141.620000 589.470000 255 247 234
607.750000 594.220000 809.230000 565.970000 219 198 169
823.750000 580.190000 1093.250000 542.070000 163 144 133
231.770000 576.160000 383.490000 552.890000 46 37 42
841.810000 574.430000 1108.860000 533.670000 167 150 142
450.350000 560.630000 604.330000 533.730000 68 52 38
450.350000 560.630000 604.330000 533.730000 68 52 38
766.370000 555.340000 1038.200000 507.580000 114 95 82
249.530000 554.160000 385.930000 536.520000 86 79 82
970.140000 541.470000 1223.110000 498.380000 136 123 118
785.170000 537.310000 1053.730000 488.650000 61 41 34
969.850000 529.800000 1221.620000 482.940000 139 126 122
44.430000 518.250000 219.920000 508.250000 97 94 111
440.320000 490.100000 588.560000 462.010000 89 83 73
897.590000 484.670000 1150.480000 426.820000 56 44 42
897.590000 484.670000 1150.480000 426.820000 56 44 42
843.850000 480.460000 1100.710000 420.380000 49 38 32
289.860000 473.880000 421.260000 454.680000 70 65 55
824.950000 453.810000 1076.100000 388.640000 144 123 116
326.290000 433.080000 449.990000 422.870000 68 71 61
745.810000 378.170000 996.510000 298.680000 73 55 44
735.600000 371.490000 982.490000 291.320000 148 126 109
867.090000 367.800000 1103.010000 289.750000 178 175 167
179.380000 327.520000 321.220000 322.390000 255 254 255
864.750000 286.760000 1095.890000 190.640000 50 37 32
864.750000 286.760000 1095.890000 190.640000 50 37 32
440.290000 277.280000 575.130000 238.600000 225 237 255
1042.230000 272.810000 1261.340000 174.100000 63 70 72
849.760000 264.740000 1077.100000 162.610000 139 129 108
456.410000 247.940000 593.830000 203.470000 76 68 71
482.930000 223.920000 625.750000 169.910000 118 107 97
842.240000 203.720000 1061.210000 90.180000 222 215 208
253.160000 167.630000 378.100000 160.600000 183 241 255
833.130000 147.830000 1046.550000 22.330000 217 215 205
449.970000 130.710000 601.560000 46.210000 66 65 70
239.350000 585.310000 386.610000 564.730000 128 127 108
201.510000 565.190000 346.270000 546.850000 220 207 186
956.360000 559.930000 1212.940000 519.820000 138 121 115
605.620000 553.710000 804.670000 519.500000 221 196 178
901.190000 540.850000 1212.340000 484.810000 59 44 34
830.310000 538.940000 1094.460000 490.500000 86 71 60
908.580000 536.520000 1166.030000 490.900000 155 141 128
995.230000 535.600000 1246.180000 489.440000 178 166 159
81.260000 518.370000 246.040000 507.090000 102 99 115
477.050000 481.110000 632.460000 448.440000 110 104 113
172.230000 467.960000 314.320000 460.840000 132 130 153
972.530000 457.740000 1210.030000 398.290000 40 37 32
644.830000 446.990000 847.890000 393.840000 254 252 251
438.410000 431.160000 582.960000 400.370000 38 35 27
796.660000 405.120000 1049.240000 332.640000 98 79 68
922.160000 393.920000 1157.610000 320.540000 172 164 154
374.310000 385.710000 490.000000 370.230000 225 252 254
348.660000 364.790000 468.370000 349.140000 191 242 255
564.800000 349.710000 737.250000 292.040000 178 167 161
564.800000 349.710000 737.250000 292.040000 178 167 161
870.310000 343.660000 1105.870000 258.050000 48 40 37
179.810000 327.640000 321.220000 322.390000 255 254 255
925.670000 324.680000 1154.550000 235.900000 44 27 21
543.800000 307.600000 708.880000 249.840000 63 48 39
543.800000 307.600000 708.880000 249.840000 63 48 39
563.110000 305.070000 728.880000 245.320000 217 204 203
765.630000 275.730000 1000.230000 174.540000 112 95 87
357.870000 252.090000 475.900000 233.050000 131 236 252
479.370000 240.890000 618.620000 193.880000 202 237 255
995.750000 217.830000 1197.640000 114.550000 190 189 180
738.460000 217.460000 969.200000 103.680000 104 91 87
252.470000 211.840000 380.490000 207.000000 135 217 255
719.510000 211.010000 948.900000 96.690000 251 237 226
180.750000 189.820000 315.600000 190.650000 194 255 255
894.880000 163.190000 1108.460000 42.060000 181 166 157
833.100000 147.080000 1046.550000 22.330000 217 215 205
842.080000 146.360000 1057.900000 22.990000 62 54 59
449.430000 131.480000 601.560000 46.210000 59 59 70
429.380000 74.450000 549.370000 28.190000 114 115 127
312.310000 765.710000 543.510000 759.370000 132 117 108
754.180000 712.240000 1063.670000 706.430000 78 63 42
797.140000 686.400000 1099.030000 670.280000 248 195 162
497.040000 686.510000 701.320000 667.730000 38 25 6
680.170000 663.330000 968.830000 642.540000 23 20 11
866.990000 635.000000 1139.360000 609.170000 171 151 144
915.910000 600.580000 1180.380000 565.200000 138 121 115
962.960000 596.170000 1223.700000 563.700000 155 140 133
224.900000 583.960000 372.050000 563.600000 138 136 120
179.990000 566.670000 326.980000 549.990000 44 40 50
948.500000 558.560000 1203.520000 517.400000 68 51 45
468.780000 492.270000 621.910000 461.400000 254 250 248
478.340000 490.180000 636.670000 457.280000 255 250 255
723.070000 480.830000 970.730000 423.980000 209 193 179
563.620000 480.760000 743.510000 441.000000 62 56 46
563.620000 480.760000 743.510000 441.000000 62 56 46
915.170000 473.520000 1160.770000 413.340000 72 64 49
623.030000 444.350000 820.640000 392.930000 75 93 91
560.960000 431.770000 737.160000 385.820000 89 78 68
560.810000 423.630000 736.920000 377.650000 71 59 49
174.140000 422.820000 319.310000 415.100000 57 78 117
461.550000 421.190000 609.620000 386.630000 56 60 57
461.550000 421.190000 609.620000 386.630000 56 60 57
38.570000 418.940000 210.810000 419.830000 53 50 67
157.220000 409.820000 303.090000 402.770000 58 79 112
972.060000 406.670000 1205.690000 335.960000 166 164 153
969.740000 389.590000 1202.230000 315.240000 183 176 172
931.650000 368.150000 1164.840000 289.290000 76 65 58
946.500000 339.530000 1175.950000 253.960000 35 23 11
862.340000 338.350000 1095.890000 252.660000 176 172 170
1021.250000 337.240000 1235.380000 256.840000 97 91 100
300.420000 333.620000 427.450000 318.270000 88 97 98
687.080000 332.380000 905.770000 254.650000 203 193 177
924.910000 324.140000 1154.550000 235.900000 41 24 18
192.370000 318.220000 332.460000 315.180000 199 254 255
897.190000 314.320000 1127.910000 225.440000 136 121 114
544.160000 307.510000 708.880000 249.840000 50 35 27
544.160000 307.510000 708.880000 249.840000 50 35 27
1015.200000 305.520000 1226.210000 219.310000 101 96 110
473.090000 304.060000 615.500000 260.810000 53 54 61
556.210000 300.920000 721.450000 241.960000 38 32 28
796.210000 299.920000 1034.760000 203.590000 186 181 171
464.740000 291.860000 605.060000 249.180000 231 253 255
560.400000 289.560000 726.070000 228.950000 232 221 211
782.590000 285.460000 1017.110000 186.160000 129 113 110
671.460000 285.770000 883.150000 197.780000 33 22 0
1009.610000 277.450000 1217.950000 183.140000 109 102 119
442.490000 270.520000 602.750000 207.340000 230 238 246
946.980000 264.630000 1166.480000 165.670000 202 199 194
840.760000 245.690000 1067.150000 141.650000 68 56 51
802.450000 230.950000 1029.370000 122.180000 121 109 105
893.960000 219.690000 1112.970000 111.060000 189 183 177
557.460000 211.170000 716.450000 139.160000 220 212 209
891.940000 198.410000 1108.340000 82.830000 183 177 179
389.180000 189.500000 512.960000 158.560000 45 80 109
441.210000 154.760000 568.790000 109.270000 243 253 255
476.100000 110.930000 604.250000 55.190000 252 246 255
454.430000 71.750000 577.920000 18.350000 253 250 251
262.200000 615.700000 416.230000 592.940000 250 252 251
320.090000 614.770000 473.410000 590.690000 152 175 90
185.350000 608.680000 340.810000 585.740000 213 204 207
941.150000 608.480000 1205.570000 576.900000 150 135 126
262.200000 608.170000 415.140000 583.510000 254 252 248
252.630000 608.340000 407.920000 584.720000 254 254 249
229.690000 606.010000 380.660000 584.570000 152 146 135
206.330000 579.920000 353.280000 559.580000 50 43 25
457.940000 560.590000 613.580000 535.490000 130 113 103
446.910000 557.100000 601.000000 529.650000 43 25 7
908.140000 547.820000 1166.270000 503.280000 133 119 106
80.790000 538.280000 247.260000 525.630000 86 83 97
650.670000 536.880000 865.680000 496.110000 83 71 54
187.070000 537.130000 332.040000 521.410000 205 195 200
50.280000 522.950000 224.000000 511.670000 19 16 31
38.480000 523.140000 215.780000 511.350000 24 21 38
38.480000 523.140000 215.780000 511.350000 24 21 38
562.920000 517.630000 745.600000 481.100000 91 71 58
264.150000 514.260000 412.200000 493.520000 183 176 170
83.130000 510.430000 247.410000 499.950000 99 96 113
83.130000 510.430000 247.410000 499.950000 99 96 113
200.570000 505.780000 341.930000 493.000000 137 127 120
46.390000 505.420000 219.570000 498.400000 94 91 104
917.020000 503.810000 1170.260000 451.270000 151 138 134
461.990000 489.800000 614.550000 459.170000 84 82 77
451.870000 490.240000 601.140000 461.140000 91 92 94
47.590000 490.740000 219.980000 481.280000 95 91 110
201.650000 488.400000 341.950000 476.990000 132 123 115
746.680000 477.480000 1007.390000 416.850000 209 190 179
581.150000 465.280000 765.190000 420.790000 255 249 235
208.450000 451.520000 346.910000 439.070000 184 181 180
155.000000 443.630000 298.050000 439.020000 48 47 61
123.510000 443.690000 272.980000 440.790000 254 249 255
884.650000 441.860000 1129.980000 374.830000 85 73 60
208.970000 438.630000 345.870000 427.230000 216 210 200
576.960000 433.670000 757.870000 385.030000 255 252 238
32.560000 416.290000 206.210000 416.950000 121 118 133
461.530000 411.270000 609.070000 376.690000 51 42 49
461.530000 411.270000 609.070000 376.690000 51 42 49
481.600000 404.310000 634.520000 366.900000 253 250 245
484.900000 397.640000 637.990000 358.400000 49 39 25
484.900000 397.640000 637.990000 358.400000 49 39 25
884.160000 394.410000 1124.040000 319.440000 145 128 120
332.900000 386.500000 452.170000 373.430000 102 142 151
883.710000 377.650000 1121.280000 298.280000 148 132 125
775.290000 364.370000 1020.430000 281.160000 149 126 118
229.870000 358.680000 365.020000 352.490000 100 113 139
582.570000 358.030000 759.210000 301.240000 138 135 135
568.900000 356.510000 742.350000 301.090000 57 46 36
587.080000 350.220000 765.320000 296.220000 21 19 26
956.320000 344.800000 1184.710000 259.590000 37 22 13
570.330000 338.190000 743.850000 279.910000 40 25 8
436.190000 336.460000 574.110000 300.520000 219 224 224
831.420000 324.160000 1065.360000 234.810000 162 155 151
953.640000 320.810000 1180.240000 233.660000 121 109 106
891.590000 316.080000 1121.550000 225.470000 60 42 41
871.070000 308.130000 1102.080000 216.300000 146 131 124
465.420000 305.070000 607.520000 261.460000 203 228 238
1001.060000 292.950000 1210.160000 203.000000 105 101 111
800.540000 292.350000 1038.280000 195.080000 45 35 29
554.280000 289.030000 719.240000 228.870000 56 50 40
1011.240000 286.200000 1220.920000 196.790000 102 101 116
794.920000 286.390000 1031.300000 187.200000 179 168 169
898.560000 277.080000 1123.810000 179.140000 91 80 75
608.800000 275.150000 789.860000 202.380000 238 221 213
1023.100000 264.600000 1236.930000 167.290000 24 23 36
338.280000 262.360000 458.140000 243.620000 74 169 211
296.660000 260.720000 420.430000 249.640000 149 227 255
1006.000000 259.970000 1212.190000 163.800000 85 81 100
778.140000 240.940000 1007.760000 133.100000 145 132 128
567.240000 233.690000 731.590000 163.520000 255 251 243
257.910000 234.410000 384.090000 227.590000 88 142 188
487.390000 223.000000 629.810000 170.270000 60 53 52
911.020000 209.200000 1128.890000 99.140000 182 169 174
911.020000 209.200000 1128.890000 99.140000 182 169 174
489.310000 205.650000 630.480000 151.460000 255 245 237
190.090000 197.140000 323.580000 195.650000 34 136 186
395.140000 192.230000 519.450000 160.530000 208 201 204
771.610000 184.530000 995.560000 65.590000 145 126 108
332.390000 182.020000 449.930000 165.070000 145 251 255
748.670000 176.130000 973.380000 54.500000 156 134 122
767.870000 165.100000 988.740000 39.520000 126 108 104
715.510000 163.740000 938.740000 39.970000 205 185 174
341.500000 162.970000 457.550000 144.250000 103 228 255
436.030000 160.000000 561.560000 120.230000 244 248 255
849.300000 154.350000 962.710000 97.370000 127 118 125
971.050000 153.150000 1167.700000 37.490000 30 75 106
448.500000 141.530000 575.860000 94.720000 49 58 71
580.980000 139.520000 739.650000 57.280000 53 51 44
893.800000 134.280000 1103.270000 6.240000 70 63 62
432.340000 131.540000 580.370000 52.070000 78 71 64
436.050000 97.630000 558.110000 52.640000 248 251 255
484.110000 80.950000 615.870000 17.550000 58 50 53
392.420000 751.240000 625.250000 743.450000 175 162 158
478.390000 731.150000 712.790000 721.340000 160 140 127
496.260000 689.680000 700.870000 670.840000 48 33 15
705.330000 674.940000 999.590000 657.420000 237 226 212
719.930000 642.840000 1004.940000 617.140000 202 187 173
723.240000 635.800000 1007.670000 610.780000 31 22 13
17.770000 626.090000 215.100000 599.220000 95 90 116
191.490000 622.440000 353.070000 599.460000 118 116 147
195.240000 617.860000 354.340000 594.630000 98 98 115
261.700000 616.440000 416.230000 592.940000 232 236 235
320.050000 615.370000 473.410000 590.690000 151 175 91
261.500000 607.510000 415.140000 583.510000 255 254 248
229.510000 606.370000 380.660000 584.570000 152 146 135
163.620000 605.980000 323.110000 583.980000 234 238 251
192.400000 599.670000 346.800000 578.700000 67 55 57
80.300000 597.390000 254.750000 576.720000 38 35 51
10.490000 596.880000 201.180000 575.670000 76 72 80
323.760000 593.360000 461.650000 571.280000 76 76 41
326.940000 588.480000 462.890000 566.460000 205 201 183
386.200000 571.840000 533.290000 548.160000 165 160 191
603.070000 570.710000 801.660000 537.330000 244 218 210
307.920000 559.360000 444.050000 539.340000 147 137 132
307.920000 559.360000 444.050000 539.340000 147 137 132
56.680000 556.400000 230.820000 541.690000 86 82 93
449.840000 552.350000 812.940000 497.810000 222 208 186
336.180000 551.810000 463.510000 532.070000 122 110 105
198.430000 536.760000 342.530000 520.710000 113 98 87
613.460000 536.290000 812.940000 497.810000 212 192 177
993.420000 528.280000 1243.190000 481.880000 38 37 31
77.120000 522.230000 243.770000 510.670000 13 10 23
183.030000 519.190000 326.770000 505.060000 58 51 68
251.720000 518.340000 400.800000 496.800000 40 32 35
264.560000 513.660000 412.200000 493.520000 196 189 185
562.030000 510.260000 744.150000 472.330000 86 66 53
562.030000 510.260000 744.150000 472.330000 86 66 53
83.850000 503.590000 247.220000 494.320000 86 83 100
1029.350000 496.460000 1257.520000 446.100000 165 153 152
185.000000 492.940000 326.980000 481.800000 71 60 77
170.950000 492.120000 314.150000 482.360000 117 112 130
85.430000 488.590000 247.730000 480.780000 102 100 116
53.210000 486.490000 223.860000 479.550000 30 26 45
456.420000 485.840000 627.200000 450.280000 163 165 165
115.740000 485.940000 270.560000 477.610000 92 87 101
664.960000 485.600000 954.970000 419.170000 67 56 38
125.250000 482.210000 278.590000 473.470000 53 49 63
696.690000 479.670000 954.970000 419.170000 73 60 37
184.950000 479.280000 326.770000 470.330000 62 62 80
78.940000 479.040000 243.410000 471.860000 50 50 68
755.770000 477.910000 1020.290000 415.710000 79 60 49
166.270000 476.330000 309.910000 467.940000 46 40 60
86.240000 474.240000 247.840000 467.980000 115 114 127
91.600000 474.220000 252.860000 468.840000 49 46 58
580.890000 465.330000 765.190000 420.790000 255 249 235
750.320000 464.870000 1010.000000 401.280000 254 244 228
68.210000 465.090000 233.930000 460.890000 33 33 43
208.450000 451.530000 346.910000 439.070000 184 181 180
932.740000 449.560000 1175.170000 389.840000 192 176 160
389.140000 448.770000 529.100000 426.740000 208 193 195
880.830000 448.690000 1126.900000 384.590000 214 200 187
155.400000 443.580000 298.800000 438.540000 48 47 61
884.670000 441.900000 1129.980000 374.830000 85 73 60
94.150000 432.740000 251.500000 430.460000 39 43 78
456.020000 430.370000 604.120000 396.650000 183 184 187
430.460000 429.360000 575.040000 398.110000 254 249 233
173.250000 429.020000 318.790000 419.720000 237 255 255
96.100000 428.510000 253.640000 427.370000 137 146 187
428.970000 424.170000 573.090000 393.680000 57 43 26
1020.880000 420.200000 1241.670000 355.060000 50 41 48
477.340000 411.060000 630.580000 371.570000 70 66 64
433.870000 405.020000 574.860000 374.640000 234 220 206
482.890000 389.790000 635.310000 350.370000 94 81 64
482.180000 382.630000 634.370000 343.100000 81 65 51
300.810000 382.190000 429.980000 366.280000 216 222 245
563.100000 377.150000 735.860000 323.620000 212 202 196
653.160000 360.290000 726.120000 337.710000 174 219 250
866.370000 351.710000 1101.340000 267.820000 71 68 69
651.960000 350.880000 787.490000 312.730000 172 195 214
950.000000 345.470000 1179.320000 261.710000 166 153 148
420.780000 341.420000 558.380000 308.900000 255 245 232
994.900000 339.130000 1208.320000 257.580000 213 201 208
925.930000 335.520000 1156.030000 250.550000 73 58 51
1009.640000 333.630000 1087.730000 298.150000 92 83 90
867.750000 327.540000 1101.950000 238.570000 24 14 9
867.750000 327.540000 1101.950000 238.570000 24 14 9
822.950000 325.400000 1052.840000 237.740000 25 19 15
588.190000 323.190000 765.620000 261.020000 253 239 212
531.360000 322.210000 691.380000 269.190000 247 226 219
91.350000 322.090000 287.610000 222.010000 160 194 210
835.820000 319.330000 1070.420000 229.020000 57 45 43
1011.600000 314.620000 1221.740000 228.290000 25 19 30
671.880000 307.490000 879.800000 227.660000 52 53 44
948.140000 304.970000 1172.220000 214.170000 49 42 41
488.560000 298.310000 634.050000 253.060000 236 250 251
950.110000 297.200000 1172.140000 204.970000 183 176 175
950.110000 297.200000 1172.140000 204.970000 183 176 175
990.660000 295.760000 1200.550000 208.110000 35 25 35
685.780000 289.310000 900.340000 201.530000 108 96 89
685.780000 289.310000 900.340000 201.530000 108 96 89
804.710000 289.210000 1039.200000 189.730000 182 171 171
443.040000 286.290000 580.140000 246.870000 219 229 213
903.160000 274.810000 1128.720000 177.470000 177 165 161
455.160000 266.330000 591.210000 224.790000 210 234 254
345.310000 255.810000 463.000000 239.180000 134 242 255
810.910000 243.060000 1037.810000 132.610000 54 39 30
465.970000 236.970000 579.160000 215.920000 240 223 215
461.720000 236.890000 575.970000 215.190000 126 109 101
931.760000 233.150000 1149.540000 126.940000 63 59 64
838.130000 232.220000 1061.400000 123.400000 66 56 51
466.580000 231.950000 604.470000 184.950000 140 126 117
1009.600000 230.410000 815.810000 294.940000 114 113 117
902.990000 224.490000 1122.880000 116.840000 136 124 122
487.440000 222.950000 629.810000 170.270000 69 61 56
918.910000 214.950000 1135.700000 103.920000 158 147 147
446.860000 203.570000 579.110000 160.460000 156 156 149
196.790000 194.350000 329.580000 192.720000 132 246 255
720.010000 191.610000 948.890000 72.300000 229 219 196
460.660000 187.990000 592.440000 141.530000 168 169 162
348.570000 182.140000 464.190000 162.670000 127 236 255
234.270000 177.940000 362.020000 173.340000 182 251 255
269.970000 175.860000 392.480000 166.750000 77 160 205
773.710000 172.650000 995.750000 52.040000 116 97 86
867.950000 171.170000 1084.050000 51.540000 68 57 56
317.380000 168.980000 435.750000 152.690000 57 202 232
442.840000 164.740000 571.300000 120.790000 229 245 252
306.220000 147.180000 425.250000 132.890000 67 170 214
553.250000 145.960000 706.880000 69.240000 225 212 213
552.990000 139.470000 706.160000 61.290000 200 188 186
439.450000 137.450000 589.920000 55.320000 66 58 59
636.960000 121.440000 816.520000 17.000000 251 250 253
418.530000 107.620000 541.080000 66.180000 177 162 153
389.810000 104.340000 508.760000 70.710000 114 250 255
392.020000 100.260000 509.880000 66.490000 29 82 101
441.010000 99.650000 564.050000 52.290000 155 151 149
456.920000 98.020000 588.030000 39.600000 80 76 55
460.470000 93.380000 588.030000 39.600000 77 70 63
484.630000 91.500000 617.840000 27.340000 60 53 60
442.910000 89.840000 565.520000 41.000000 255 250 255
484.320000 80.600000 615.870000 17.550000 58 50 53
430.820000 71.290000 550.820000 26.150000 73 75 91
430.530000 61.980000 549.600000 15.730000 42 44 68
572.000000 691.810000 795.250000 674.000000 248 236 222
572.000000 691.810000 795.250000 674.000000 248 236 222
500.960000 688.420000 705.400000 669.650000 163 151 133
519.650000 685.900000 726.630000 667.190000 109 98 80
793.470000 682.940000 1091.740000 665.970000 59 26 3
853.660000 634.610000 1126.840000 607.570000 150 129 128
379.370000 634.240000 537.600000 610.640000 253 248 241
378.030000 631.180000 536.660000 607.450000 102 89 84
361.460000 630.510000 519.280000 605.940000 216 208 196
355.580000 628.220000 512.020000 604.840000 244 233 221
366.580000 623.780000 523.200000 600.580000 171 166 153
332.910000 620.960000 489.340000 597.870000 178 168 154
262.470000 620.140000 416.770000 596.700000 61 76 27
775.740000 616.200000 1053.720000 584.520000 76 51 40
186.630000 613.720000 345.140000 590.520000 91 88 113
35.800000 613.590000 222.830000 590.580000 91 86 112
181.230000 612.000000 337.310000 587.940000 65 62 88
168.130000 608.530000 326.730000 586.380000 53 56 73
773.980000 606.860000 1050.910000 573.080000 76 51 40
217.750000 605.460000 371.170000 583.560000 205 198 191
188.270000 601.050000 342.980000 579.050000 193 180 183
188.270000 601.050000 342.980000 579.050000 193 180 183
154.410000 593.220000 312.160000 572.470000 235 240 230
443.380000 589.010000 599.440000 559.470000 235 218 194
771.450000 587.250000 1047.250000 548.810000 55 33 21
757.540000 586.560000 1029.140000 548.740000 244 227 210
757.540000 586.560000 1029.140000 548.740000 244 227 210
311.630000 586.300000 449.080000 564.710000 41 51 14
754.870000 583.410000 1025.970000 545.030000 148 120 99
219.570000 583.280000 367.470000 563.320000 82 80 60
637.210000 582.070000 839.540000 550.060000 105 118 112
381.310000 574.440000 528.450000 551.530000 45 40 56
310.640000 572.510000 447.140000 551.630000 60 50 47
307.780000 570.390000 444.580000 549.580000 119 110 109
213.290000 564.700000 354.930000 546.360000 109 95 95
310.190000 562.730000 446.110000 542.300000 58 48 43
443.000000 559.250000 805.790000 511.010000 202 184 166
94.840000 557.350000 258.740000 541.440000 5 1 20
446.300000 556.500000 601.000000 529.650000 35 20 2
343.320000 548.890000 469.300000 529.240000 15 8 9
357.260000 548.310000 481.270000 528.960000 17 11 15
942.360000 543.010000 1195.070000 499.060000 131 122 113
611.090000 540.020000 810.610000 501.810000 39 19 5
611.090000 540.020000 810.610000 501.810000 39 19 5
236.590000 535.760000 374.350000 519.010000 109 102 101
760.830000 534.670000 1031.260000 485.080000 69 49 40
206.170000 522.960000 348.100000 508.880000 206 193 171
196.410000 522.620000 339.080000 508.750000 219 204 195
758.710000 515.570000 1027.700000 461.670000 72 52 43
515.300000 513.810000 633.790000 490.780000 94 80 65
511.570000 511.510000 611.100000 492.900000 254 245 230
260.610000 510.060000 409.750000 489.640000 44 37 33
552.020000 503.750000 731.210000 465.690000 252 246 230
562.580000 499.310000 743.230000 460.940000 80 60 49
440.460000 496.490000 616.420000 459.540000 98 92 79
464.980000 486.590000 590.980000 464.080000 58 52 46
888.890000 485.380000 1141.050000 426.500000 127 116 104
559.070000 483.720000 738.380000 442.720000 213 206 191
194.910000 483.000000 335.550000 471.410000 158 147 145
667.440000 474.920000 783.890000 447.290000 255 242 224
320.270000 472.320000 464.580000 447.510000 114 110 110
371.940000 470.490000 491.490000 450.430000 53 50 55
758.690000 469.130000 1022.970000 405.660000 40 29 17
102.340000 468.850000 260.860000 462.710000 108 104 112
339.400000 467.590000 462.320000 451.100000 66 57 64
365.350000 466.090000 472.010000 449.950000 51 48 53
105.370000 466.150000 262.950000 460.230000 47 43 51
336.460000 463.990000 459.760000 448.220000 110 99 107
582.780000 460.320000 766.960000 415.040000 136 125 117
64.430000 458.570000 230.600000 454.070000 87 83 93
749.080000 458.200000 1007.250000 393.100000 252 242 230
749.080000 458.200000 1007.250000 393.100000 252 242 230
592.200000 455.810000 777.310000 409.640000 91 91 87
606.510000 447.040000 790.690000 400.210000 82 94 92
612.870000 445.590000 804.210000 396.330000 31 42 45
644.400000 438.110000 845.750000 384.720000 188 192 191
258.000000 435.840000 393.020000 422.880000 186 184 181
258.000000 435.840000 393.020000 422.880000 186 184 181
1018.220000 423.330000 1238.860000 359.810000 137 125 133
477.840000 416.480000 631.300000 378.870000 74 72 71
156.340000 405.550000 301.240000 398.470000 154 232 245
477.320000 401.890000 630.030000 362.990000 43 40 35
479.780000 394.260000 631.870000 355.570000 225 217 200
476.030000 385.670000 627.240000 347.360000 66 51 32
477.790000 381.730000 629.310000 341.460000 215 200 185
592.560000 375.660000 771.380000 319.810000 171 195 214
922.070000 374.480000 1155.910000 296.040000 213 204 193
911.480000 366.920000 1143.040000 288.160000 138 138 135
588.780000 367.220000 827.840000 282.170000 82 78 80
562.030000 364.790000 733.790000 310.870000 219 209 203
553.330000 365.050000 724.010000 316.050000 234 231 223
371.520000 362.060000 491.340000 343.870000 78 137 161
917.700000 361.280000 1151.430000 279.020000 185 179 166
620.850000 360.220000 810.690000 296.960000 93 97 98
574.020000 359.830000 749.850000 303.750000 229 218 208
863.650000 359.690000 1098.890000 280.980000 147 145 142
914.670000 359.000000 1147.300000 278.320000 53 46 39
919.100000 354.740000 1152.480000 272.620000 19 10 4
578.010000 350.330000 753.100000 294.270000 79 76 79
649.600000 347.710000 785.340000 309.750000 100 107 109
657.030000 345.400000 859.280000 274.630000 60 65 73
610.360000 343.780000 794.310000 282.020000 116 169 225
595.380000 344.060000 774.040000 283.980000 37 42 95
573.340000 342.630000 748.030000 285.390000 133 122 112
599.490000 342.200000 835.510000 250.710000 27 35 92
854.080000 340.210000 1084.280000 256.240000 17 12 18
417.660000 340.110000 555.020000 307.190000 182 166 154
561.170000 337.440000 731.240000 281.030000 216 204 194
865.180000 334.360000 1099.040000 248.090000 177 170 164
865.180000 334.360000 1099.040000 248.090000 177 170 164
566.880000 334.490000 740.050000 276.020000 241 231 217
862.040000 332.520000 1094.760000 245.500000 32 26 22
417.010000 331.950000 554.070000 299.220000 181 164 154
685.050000 327.290000 902.070000 246.770000 255 254 237
658.880000 321.320000 857.290000 248.530000 122 180 217
467.780000 319.370000 612.580000 277.300000 165 161 148
469.480000 310.160000 611.780000 269.720000 113 115 113
1020.900000 308.810000 1232.920000 222.530000 47 43 54
790.240000 308.960000 1027.190000 214.730000 153 139 129
683.800000 306.970000 899.080000 222.580000 194 187 188
559.520000 304.190000 726.550000 244.760000 208 196 198
528.950000 303.070000 688.530000 249.090000 184 165 145
546.900000 302.570000 711.950000 244.240000 90 77 55
870.530000 302.090000 1100.560000 209.870000 140 126 119
789.900000 301.550000 1028.420000 206.210000 163 151 142
692.880000 300.420000 912.180000 212.610000 68 54 37
692.880000 300.420000 912.180000 212.610000 68 54 37
688.960000 292.780000 906.080000 204.440000 244 234 211
675.370000 278.050000 886.710000 189.700000 252 239 223
424.460000 271.420000 557.550000 235.390000 116 108 90
356.530000 267.610000 473.940000 250.170000 63 160 201
440.640000 265.720000 576.430000 225.300000 70 64 63
434.030000 262.310000 570.110000 221.100000 99 90 81
214.820000 255.400000 345.230000 253.270000 68 155 196
1040.900000 252.400000 1256.790000 151.250000 38 58 61
494.050000 250.540000 639.160000 198.660000 179 169 162
460.630000 248.290000 600.450000 200.910000 41 34 48
586.880000 246.470000 758.420000 174.230000 226 215 200
728.850000 244.780000 963.960000 135.010000 82 62 53
490.980000 238.940000 634.290000 185.990000 248 253 255
571.640000 236.410000 737.180000 166.310000 151 139 129
998.300000 234.510000 1202.250000 134.300000 33 26 29
846.820000 230.070000 1070.450000 121.750000 74 64 59
931.480000 227.590000 1149.260000 120.470000 129 123 128
160.660000 224.260000 300.680000 226.280000 68 130 147
422.920000 223.790000 552.640000 186.580000 254 244 235
927.050000 223.550000 1144.610000 114.860000 129 122 125
185.560000 216.280000 320.830000 215.890000 87 132 155
885.950000 211.350000 1101.200000 100.610000 141 141 141
487.770000 211.140000 629.570000 156.880000 143 128 119
721.880000 207.040000 951.350000 91.240000 214 200 204
900.590000 206.630000 1118.060000 95.320000 151 138 143
887.790000 203.140000 1103.720000 90.050000 105 105 104
896.420000 201.850000 1113.910000 88.810000 94 86 87
896.160000 197.200000 1113.420000 82.220000 67 59 64
888.500000 192.660000 1103.970000 76.360000 78 70 75
767.680000 190.230000 992.140000 71.520000 59 42 34
468.990000 184.900000 604.310000 134.420000 159 149 140
318.370000 183.840000 437.200000 168.500000 74 182 224
197.070000 183.760000 328.680000 183.790000 77 198 224
554.600000 176.220000 710.340000 101.810000 206 198 197
349.020000 175.310000 465.960000 156.220000 124 235 255
346.030000 172.750000 462.620000 153.790000 71 167 213
350.850000 169.310000 466.950000 149.610000 139 231 255
266.930000 169.100000 389.050000 158.500000 55 170 210
480.110000 166.370000 612.450000 116.390000 165 163 170
720.590000 164.090000 946.420000 35.930000 83 62 56
863.950000 163.190000 1077.790000 40.150000 154 142 140
321.030000 161.280000 438.910000 145.580000 143 245 255
674.880000 156.420000 876.850000 44.220000 233 215 205
422.040000 156.340000 547.320000 115.160000 242 229 242
674.930000 149.980000 876.080000 36.640000 237 223 212
558.180000 147.010000 713.570000 68.710000 165 152 150
521.980000 143.140000 666.770000 75.280000 192 175 165
540.710000 142.590000 692.060000 67.210000 175 155 148
833.880000 138.560000 1047.260000 11.720000 76 71 75
439.930000 135.290000 567.050000 89.150000 90 82 83
443.410000 134.740000 570.300000 87.710000 193 192 196
561.400000 132.650000 716.590000 52.300000 174 161 153
692.690000 129.090000 901.650000 4.280000 236 217 206
422.730000 118.570000 545.680000 75.440000 255 252 244
422.730000 118.570000 545.680000 75.440000 255 252 244
419.260000 117.290000 541.270000 74.400000 180 167 162
519.120000 115.160000 660.910000 44.970000 177 157 148
510.210000 105.550000 649.850000 36.040000 188 171 161
389.630000 97.270000 507.100000 64.780000 127 244 255
490.690000 96.120000 623.230000 32.390000 193 180 175
402.850000 86.420000 520.420000 50.070000 187 192 208
462.410000 75.770000 589.280000 18.970000 214 209 193
487.960000 72.490000 619.730000 7.620000 213 206 207
540.420000 702.260000 764.120000 686.850000 206 185 168
711.940000 691.170000 1012.130000 676.410000 96 98 96
711.940000 691.170000 1012.130000 676.410000 96 98 96
562.840000 690.040000 782.400000 672.030000 255 241 227
529.990000 688.020000 738.810000 669.960000 200 186 169
911.010000 687.380000 1254.420000 677.130000 136 111 98
540.050000 687.420000 752.490000 669.190000 104 90 73
431.570000 686.960000 626.200000 667.560000 178 157 140
515.910000 681.540000 719.390000 661.840000 104 93 77
422.550000 678.890000 696.030000 668.920000 197 176 159
437.390000 674.870000 624.630000 654.630000 112 93 75
500.160000 674.570000 703.930000 654.560000 85 74 62
511.970000 673.460000 714.330000 652.780000 133 122 110
442.700000 670.410000 629.620000 649.800000 128 108 92
514.160000 668.260000 716.440000 647.460000 57 46 35
635.360000 666.070000 895.900000 644.290000 147 138 125
773.540000 661.910000 1058.470000 639.720000 100 75 63
473.290000 661.080000 657.950000 638.840000 255 252 242
770.400000 657.680000 1053.420000 635.270000 103 82 65
770.740000 648.170000 1051.580000 623.700000 133 104 87
732.630000 645.100000 1019.270000 619.330000 175 168 147
765.230000 638.550000 1044.200000 611.260000 152 127 114
827.400000 637.740000 1103.750000 611.360000 166 143 135
830.020000 634.560000 1105.990000 607.620000 116 93 86
350.260000 633.540000 507.750000 609.730000 90 73 65
878.170000 621.240000 1148.220000 592.020000 226 214 202
768.970000 618.320000 1046.960000 586.670000 123 98 89
767.620000 613.130000 1046.120000 580.710000 98 73 62
834.450000 607.390000 1106.990000 574.410000 82 62 52
705.620000 607.420000 935.080000 575.640000 151 112 119
159.410000 604.890000 319.020000 583.070000 45 49 68
676.240000 602.870000 903.990000 570.350000 166 130 115
766.590000 598.420000 1042.920000 563.090000 105 80 69
746.310000 595.450000 1011.280000 559.860000 231 210 203
668.980000 593.940000 894.970000 560.860000 203 175 137
314.210000 593.360000 451.150000 571.570000 161 172 117
740.990000 591.430000 1002.610000 555.120000 225 201 182
152.260000 590.230000 310.090000 569.490000 95 102 80
745.230000 588.510000 1009.450000 551.440000 152 127 109
745.230000 588.510000 1009.450000 551.440000 152 127 109
738.490000 588.810000 998.170000 551.770000 136 113 89
760.710000 588.250000 1034.360000 550.260000 136 110 95
328.790000 585.810000 465.380000 564.030000 43 38 26
660.670000 585.570000 881.030000 551.170000 153 124 117
842.660000 583.910000 1110.910000 546.630000 132 115 107
842.660000 583.910000 1110.910000 546.630000 132 115 107
443.560000 583.980000 809.900000 549.560000 209 192 168
376.490000 580.090000 500.750000 558.950000 74 78 65
819.140000 579.280000 1088.570000 540.270000 100 81 67
830.750000 573.110000 1099.160000 532.890000 80 62 53
377.490000 572.730000 501.590000 551.400000 75 68 71
759.410000 568.490000 1031.830000 526.230000 137 115 101
845.610000 566.370000 1112.810000 524.750000 77 60 51
703.070000 565.960000 944.680000 526.520000 145 118 72
456.620000 558.980000 611.020000 532.170000 110 93 83
571.210000 555.130000 758.090000 521.550000 107 91 79
761.690000 554.070000 1034.510000 508.490000 94 75 60
757.300000 554.050000 1067.740000 504.670000 140 121 106
757.300000 554.050000 1028.500000 508.680000 140 121 106
101.600000 553.930000 263.630000 538.770000 104 99 115
350.570000 548.890000 476.460000 529.130000 16 12 14
790.450000 548.460000 1058.390000 502.700000 173 153 146
727.090000 547.000000 979.470000 502.180000 134 108 101
778.600000 545.330000 1049.190000 498.170000 159 139 129
818.690000 540.390000 1086.120000 492.700000 101 83 66
754.820000 537.850000 1022.260000 489.040000 214 194 183
791.670000 537.640000 1059.520000 489.200000 49 29 22
774.040000 529.430000 1044.120000 478.490000 69 50 37
679.990000 528.950000 906.990000 484.380000 174 149 131
657.180000 527.400000 1002.790000 470.820000 148 123 114
639.460000 525.860000 849.520000 483.910000 156 137 124
779.090000 524.660000 1047.590000 473.110000 50 30 23
720.240000 519.760000 967.580000 470.360000 150 130 115
508.520000 517.770000 628.600000 494.570000 192 178 163
481.720000 517.240000 611.100000 492.900000 255 251 239
61.960000 513.090000 230.990000 503.320000 90 87 103
257.050000 508.350000 406.590000 487.760000 189 181 178
674.610000 503.520000 899.940000 455.240000 131 111 100
435.160000 499.490000 583.960000 470.870000 105 97 82
386.340000 498.600000 528.230000 478.280000 65 56 61
636.000000 494.580000 843.100000 448.250000 254 252 229
282.240000 494.660000 418.080000 477.330000 67 64 38
282.240000 494.660000 418.080000 477.330000 67 64 38
741.920000 493.330000 999.980000 436.430000 152 134 116
741.920000 493.330000 999.980000 436.430000 152 134 116
698.760000 490.920000 932.230000 438.380000 124 105 90
594.620000 489.840000 783.890000 447.290000 252 244 230
599.800000 488.890000 783.890000 447.290000 253 240 225
599.800000 488.890000 783.890000 447.290000 253 240 225
697.720000 486.780000 930.280000 433.430000 136 117 102
614.310000 485.880000 783.890000 447.290000 253 234 219
600.650000 486.150000 791.490000 442.560000 146 127 109
629.990000 485.350000 946.510000 411.550000 137 125 113
623.910000 483.960000 783.890000 447.290000 254 240 226
628.000000 483.010000 778.240000 448.350000 255 252 240
619.040000 482.260000 758.190000 450.810000 142 123 108
730.260000 480.840000 821.010000 456.590000 143 128 113
652.760000 478.010000 783.890000 447.290000 255 238 223
655.060000 474.470000 841.270000 430.030000 143 124 109
662.100000 473.330000 955.420000 402.100000 147 129 111
677.210000 473.050000 778.240000 448.350000 255 251 229
127.900000 472.550000 280.450000 464.900000 101 96 110
698.690000 471.470000 961.380000 407.890000 114 101 81
718.290000 467.400000 961.380000 407.890000 115 100 82
723.470000 466.420000 966.330000 406.660000 103 88 66
816.590000 463.260000 1069.950000 400.360000 58 44 33
729.460000 458.660000 881.310000 420.390000 142 118 102
616.110000 457.900000 780.490000 417.900000 254 252 241
707.530000 457.020000 943.260000 396.870000 225 201 183
318.540000 453.070000 447.440000 436.690000 168 167 161
693.290000 449.520000 921.580000 389.940000 145 124 107
632.590000 447.180000 833.200000 394.780000 109 98 98
614.990000 442.950000 805.880000 393.020000 137 149 152
258.110000 442.960000 392.650000 428.820000 97 91 87
748.900000 441.180000 1005.910000 373.040000 109 89 74
658.330000 437.310000 867.550000 381.010000 127 128 132
659.180000 434.300000 867.490000 377.290000 245 246 250
446.770000 433.890000 592.860000 401.540000 167 167 174
453.290000 433.590000 602.560000 399.970000 68 68 75
441.790000 432.930000 612.440000 388.570000 28 27 25
587.020000 432.190000 769.750000 384.010000 54 44 39
682.560000 430.820000 903.690000 369.920000 147 148 144
694.830000 427.720000 923.420000 363.590000 192 179 164
463.760000 426.250000 587.070000 404.420000 151 155 152
463.760000 426.250000 587.070000 404.420000 151 155 152
463.570000 423.200000 586.570000 401.210000 16 20 17
678.560000 422.710000 887.080000 363.470000 141 148 142
478.290000 422.660000 631.820000 385.280000 64 61 57
708.080000 415.440000 940.570000 347.840000 148 122 104
452.860000 413.920000 600.740000 378.970000 71 61 57
692.170000 409.000000 917.260000 342.430000 255 251 237
428.500000 408.340000 571.450000 376.590000 243 229 212
734.440000 405.730000 982.420000 331.730000 206 185 167
385.030000 402.430000 520.860000 376.540000 174 167 169
865.350000 400.720000 1102.590000 328.380000 164 153 145
1014.030000 399.460000 1232.540000 330.520000 27 18 25
386.140000 399.180000 522.140000 372.400000 67 58 56
476.510000 393.370000 628.570000 354.490000 60 52 35
715.670000 392.970000 952.750000 320.130000 214 195 175
688.460000 392.570000 911.960000 323.890000 248 239 225
863.480000 390.680000 1100.340000 316.820000 140 138 125
967.540000 385.810000 1199.000000 310.850000 54 48 44
863.090000 385.090000 1098.830000 309.960000 148 146 134
740.950000 385.150000 990.770000 305.850000 219 199 192
743.470000 383.020000 993.820000 302.710000 53 33 25
711.220000 370.580000 942.850000 293.640000 141 117 99
688.890000 370.310000 910.820000 296.840000 162 154 138
309.100000 368.420000 439.050000 351.290000 29 78 119
736.120000 368.020000 981.200000 286.240000 241 220 203
860.450000 366.260000 1094.420000 288.000000 124 122 119
716.600000 366.800000 952.010000 287.830000 222 200 182
371.090000 366.400000 491.210000 348.270000 71 112 125
741.920000 365.410000 990.400000 281.800000 100 78 66
710.570000 362.340000 942.240000 283.620000 162 138 120
565.220000 355.280000 738.340000 300.170000 77 66 58
721.560000 351.980000 958.400000 269.390000 217 193 174
648.490000 350.900000 850.130000 281.450000 130 153 169
590.620000 349.390000 767.400000 291.650000 156 162 162
659.510000 346.740000 862.640000 275.590000 162 176 193
856.980000 341.820000 1088.270000 258.270000 91 87 89
858.010000 337.220000 1089.410000 252.190000 37 32 31
557.950000 332.710000 727.180000 276.070000 98 86 82
439.010000 332.140000 577.280000 296.280000 96 103 121
630.570000 331.040000 822.330000 263.590000 93 93 89
862.750000 329.440000 1096.620000 241.060000 107 101 97
452.350000 325.560000 570.560000 305.790000 212 222 205
621.900000 323.630000 810.840000 255.210000 149 137 134
623.380000 320.500000 813.300000 251.790000 39 28 25
459.950000 315.820000 577.280000 296.280000 120 136 170
546.450000 312.110000 710.900000 255.530000 220 203 205
478.340000 309.960000 622.780000 266.600000 196 191 182
663.320000 308.210000 864.370000 231.030000 118 122 120
687.490000 306.510000 904.780000 221.650000 231 224 220
681.330000 298.850000 895.420000 213.710000 107 102 86
791.940000 298.560000 1028.450000 202.260000 96 87 78
680.080000 293.110000 894.130000 206.790000 173 164 156
517.860000 288.810000 672.460000 235.710000 187 168 155
541.320000 285.490000 701.920000 227.530000 183 163 154
671.370000 279.570000 879.170000 192.550000 247 229 216
684.230000 279.240000 898.210000 189.820000 120 101 88
558.520000 276.360000 722.910000 214.430000 213 196 186
451.440000 271.670000 587.780000 231.280000 167 170 186
427.600000 267.850000 562.040000 229.900000 161 155 127
622.460000 263.360000 895.760000 125.350000 40 21 8
463.770000 262.860000 603.450000 217.990000 141 179 185
534.560000 258.130000 691.040000 198.340000 245 227 216
444.020000 256.250000 579.160000 215.920000 224 216 206
527.200000 253.720000 682.630000 195.160000 183 163 152
649.340000 250.270000 825.990000 176.820000 205 187 185
798.730000 248.560000 1029.210000 142.880000 42 27 29
488.440000 241.980000 632.180000 190.520000 151 164 178
488.440000 241.980000 632.180000 190.520000 151 164 178
628.680000 238.850000 814.820000 155.520000 222 206 195
573.710000 239.080000 739.390000 169.470000 253 248 236
573.710000 239.080000 739.390000 169.470000 253 248 236
433.770000 238.960000 567.080000 198.740000 210 195 186
579.510000 234.890000 747.610000 163.120000 230 222 208
930.610000 230.770000 1149.540000 126.940000 60 55 59
1013.910000 228.450000 810.690000 296.960000 68 71 77
699.770000 220.420000 917.950000 114.390000 197 176 175
745.870000 218.670000 976.260000 105.840000 108 93 87
418.420000 218.700000 548.540000 181.570000 183 168 159
507.830000 212.560000 654.320000 154.950000 188 169 156
315.210000 212.070000 436.450000 197.130000 116 234 255
987.920000 206.360000 1188.330000 100.420000 55 59 65
692.570000 205.800000 905.200000 99.670000 168 148 126
649.870000 203.560000 842.700000 108.900000 234 219 204
486.940000 202.420000 627.940000 148.540000 185 168 160
703.060000 199.170000 937.870000 75.680000 146 124 110
683.860000 192.590000 891.420000 84.790000 214 193 176
352.800000 192.540000 469.830000 173.090000 53 168 206
193.250000 190.220000 326.020000 189.660000 44 170 204
237.270000 187.670000 364.660000 181.410000 54 152 182
349.340000 172.220000 466.700000 152.800000 57 151 199
861.150000 165.160000 1075.630000 44.980000 99 89 86
668.340000 164.660000 867.610000 56.540000 187 176 168
531.030000 161.210000 679.580000 92.660000 231 210 201
587.620000 158.230000 810.640000 16.430000 163 161 171
680.030000 156.690000 884.680000 42.510000 236 218 204
829.200000 142.740000 1041.210000 17.790000 65 61 62
826.070000 142.040000 1037.890000 17.260000 90 87 92
669.150000 139.460000 866.580000 25.860000 192 181 173
439.990000 134.710000 567.050000 89.150000 104 96 97
526.690000 123.460000 670.770000 51.980000 191 171 162
630.970000 119.080000 809.350000 13.440000 253 251 253
778.450000 118.160000 744.450000 156.540000 117 118 140
651.340000 101.730000 809.350000 13.440000 253 252 254
466.970000 96.650000 595.680000 40.420000 128 119 124
441.410000 94.070000 564.500000 45.020000 248 244 246
520.030000 83.210000 660.170000 8.540000 180 163 151
484.840000 73.330000 616.280000 7.330000 81 73 72
470.830000 68.100000 593.940000 15.380000 173 169 153
436.690000 68.170000 557.150000 22.060000 238 238 252
422.950000 65.170000 542.110000 21.130000 207 206 208
422.950000 65.170000 542.110000 21.130000 207 206 208
794.080000 13.420000 789.510000 36.780000 125 132 166
