762.74 229.67 950.89 185.57
510.8 583.63 667.46 578.08
236.05 567.99 399.61 558.69
156.36 551.38 331.31 543.11
866.78 532.56 1079.14 527.73
225.95 516.55 388.92 512.39
657.64 302.46 831.12 276.41
684.01 160.24 858.01 118.79
788.59 431.88 988.31 411.85
888.76 416.71 1095.36 393.76
585.63 339.87 744.97 323.74
50.76 267.89 252.02 296.76
50.76 267.89 252.02 296.76
974.41 210.5 1180.91 149.92
910.4 196.87 1109.83 138.09
851.68 142.07 1041.67 80.45
617.73 545.44 786.31 539.28
645.12 542.27 818.72 536.76
645.12 542.27 818.72 536.76
915.86 538.32 1135.34 535.42
983.41 525.96 1214.02 522.06
931.1 449.79 1145.58 431.85
175.55 443.77 344.34 447.95
917.12 440.22 1128.48 420.83
436.25 416.19 583.23 411.99
436.25 416.19 583.23 411.99
620.84 99.73 775.9 67.92
268.05 610.36 430.16 598.55
632.28 550.02 802.38 544.38
885.78 502.26 1098.87 492.41
676.53 450.46 852.95 436.38
149.58 446.91 322.46 452.12
451.64 430.12 599.01 425.1
651.77 422.63 821.78 407.55
1019.57 384.98 1243.3 353.77
362.21 385.32 501.08 388.17
584.73 374.84 744.35 360.88
584.73 374.84 744.35 360.88
167.16 306.1 340.38 324.11
981.59 294.02 1194.01 247.45
838.87 283.46 1034.29 242.47
807.08 278.77 998.99 238.9
807.08 278.77 998.99 238.9
892.19 203.39 1089.17 147.25
745.64 173.96 929.39 125.25
576.45 139.6 726.61 117.44
556.97 51.38 704.06 29.23
556.97 51.38 704.06 29.23
681.11 726.04 894.42 740.4
849.82 639.83 1065.84 651.31
827.67 628.82 1040.66 638.1
902.28 617.22 1125.48 627.64
825.38 599.06 1037.67 603.62
276.78 597.69 437.05 587.13
908.79 593.17 1130.55 599.29
908.79 593.17 1130.55 599.29
450.35 560.63 600.16 554.23
450.35 560.63 600.16 554.23
98.51 550.79 287.44 543.06
346.06 543.06 487.77 537.81
572.27 526.18 733.49 519.43
44.43 518.25 248.92 513.97
897.59 484.67 1112.25 471.91
801.57 451.01 1002.7 433.93
206.78 424.87 369.63 430.76
777.99 411.38 975.87 389.3
797.19 405.52 996.15 381.73
867.09 367.8 1068.63 337.99
867.09 367.8 1068.63 337.99
921.78 361.85 1131.76 328.9
930.76 353.19 1140.37 318.17
179.38 327.52 350.03 342.63
964.83 193.13 1168.21 130.23
960.86 173.65 1162.42 108.14
834.22 121.7 1021.51 59.19
687.58 734.34 901.51 750.43
626.24 720.53 824.94 729.35
902.59 617.43 1125.48 627.64
916.56 610.73 1140.3 620.69
207.82 576.68 372.91 567.22
388.1 556.69 537.15 550.54
203.51 529.61 367.75 524.48
81.26 518.37 274.04 514.12
455.5 496.15 605.59 490.32
564.32 491.39 724.4 483.08
172.23 467.96 341.18 470.13
796.66 405.12 996.15 381.73
796.66 405.12 996.15 381.73
325.41 389.31 468.83 394.04
1007.57 387.6 1227.57 357.2
374.31 385.71 511.67 388.48
976.84 367.03 1195.72 332.93
348.66 364.79 491.28 368.62
942.8 355.27 1155.56 320.39
904.93 353.81 1110.77 320.47
564.8 349.71 722.21 335.51
870.31 343.66 1072.45 309.21
630.26 330.4 796.14 310.22
179.81 327.64 350.03 342.63
543.8 307.6 697.8 293.89
543.8 307.6 697.8 293.89
891.75 304.63 1093.92 263.53
563.11 305.07 717.68 289.93
684.58 300.86 861.97 272.48
917.85 275.32 1121.88 228.27
917.85 275.32 1121.88 228.27
901.78 270.57 1103.1 224.11
357.87 252.09 497.95 261.09
479.37 240.89 623.56 235.15
997.85 228.6 1209.48 169.07
180.75 189.82 349.43 219.01
894.88 163.19 1090.5 100.28
833.1 147.08 1020.15 88.52
833.1 147.08 1020.15 88.52
842.08 146.36 1031.4 86.36
801.64 124.41 985.07 65.92
801.64 124.41 985.07 65.92
484.43 101.88 626.31 94.55
568.53 677.86 740.3 677.85
568.53 677.86 740.3 677.85
894.24 670.35 1138.62 690.77
573.0 665.57 740.61 665.02
680.17 663.33 887.62 669.55
734.18 655.16 943.93 663.23
525.97 636.63 692.58 633.09
224.34 623.7 395.51 609.86
342.38 621.91 500.03 612.06
979.98 602.78 1217.7 613.33
199.41 576.99 365.88 566.85
179.99 566.67 348.79 558.11
948.5 558.56 1172.51 559.78
171.46 514.21 340.19 510.73
902.58 492.63 1117.83 481.18
468.78 492.27 617.34 486.89
478.34 490.18 629.95 483.64
358.71 487.36 498.23 485.63
1017.67 477.74 1245.15 465.1
977.77 470.88 1203.38 456.26
148.46 467.65 323.71 469.86
165.39 453.13 335.78 457.02
865.17 444.27 1070.11 425.4
1008.6 436.19 1231.75 415.11
855.17 436.32 1057.3 417.02
174.14 422.82 345.03 428.22
461.55 421.19 609.62 415.38
461.55 421.19 609.62 415.38
197.49 420.31 361.63 426.31
157.22 409.82 331.93 417.14
1012.95 405.83 1235.35 378.91
972.06 406.67 1191.71 380.45
972.06 406.67 1191.71 380.45
56.91 405.37 254.92 417.2
220.11 375.5 382.75 383.86
564.02 360.59 721.13 347.31
963.82 357.89 1180.12 322.31
813.91 346.69 1008.41 315.6
946.5 339.53 1159.01 301.79
862.34 338.35 1062.12 304.26
192.37 318.22 360.01 333.77
544.16 307.51 697.8 293.89
544.16 307.51 697.8 293.89
479.88 303.34 625.89 296.49
556.21 300.92 710.19 286.53
556.21 300.92 710.19 286.53
796.21 299.92 990.55 262.71
560.4 289.56 714.71 274.12
782.59 285.46 973.74 247.27
782.59 285.46 973.74 247.27
464.91 270.08 609.96 264.77
953.96 268.99 1163.92 218.83
806.05 267.82 997.33 226.03
959.73 265.32 1170.86 213.66
872.31 262.57 1070.1 216.72
872.31 262.57 1070.1 216.72
489.64 250.58 636.24 242.96
840.76 245.69 1034.04 199.31
840.76 245.69 1034.04 199.31
730.23 242.61 917.17 202.82
722.71 242.06 908.26 202.48
389.18 189.5 531.9 195.58
300.36 183.59 448.12 201.91
468.7 182.27 611.27 177.6
827.03 163.42 1013.25 107.52
414.97 156.23 556.48 159.64
487.19 151.38 629.81 144.32
754.81 149.8 938.33 98.18
713.34 149.29 894.96 100.87
825.4 145.23 1010.24 87.2
576.77 142.97 727.8 120.98
719.34 140.03 900.87 90.16
454.35 137.51 595.17 136.02
469.85 128.21 611.1 123.56
787.14 121.42 968.25 64.66
476.1 110.93 617.04 105.74
617.63 107.26 773.64 75.7
454.43 71.75 593.79 71.34
691.22 691.51 901.98 701.83
926.92 681.86 1196.1 707.93
747.21 652.59 960.12 661.4
262.2 615.7 424.98 603.9
185.35 608.68 358.92 594.68
252.63 608.34 417.35 596.07
206.33 579.92 371.92 569.92
206.33 579.92 371.92 569.92
50.69 548.8 254.72 539.92
50.69 548.8 254.72 539.92
908.14 547.82 1127.07 546.39
185.9 548.13 353.99 540.58
563.88 538.65 725.27 531.96
80.79 538.28 274.22 531.29
245.92 535.61 401.48 530.85
196.46 531.38 362.15 526.65
50.28 522.95 252.89 517.67
562.92 517.63 723.66 510.09
77.53 512.88 271.21 509.04
69.28 513.13 265.62 509.3
200.57 505.78 365.45 503.04
46.39 505.42 249.33 503.64
189.65 493.24 356.05 492.52
451.87 490.24 600.01 485.12
201.65 488.4 365.75 488.03
48.24 483.19 250.41 483.88
48.24 483.19 250.41 483.88
452.49 481.7 601.44 475.74
125.38 482.15 306.17 482.37
190.04 480.92 356.26 480.98
94.98 480.43 284.66 481.58
581.15 465.28 743.17 455.17
963.19 454.94 1183.51 437.29
869.55 445.57 1075.6 426.77
440.09 421.36 587.33 416.89
560.19 416.62 718.44 405.53
560.19 416.62 718.44 405.53
32.56 416.29 239.66 426.48
138.54 410.38 320.07 417.91
956.02 409.37 1172.17 383.88
956.02 409.37 1172.17 383.88
390.22 409.14 536.8 407.54
481.6 404.31 631.47 397.3
484.9 397.64 634.76 390.66
484.9 397.64 634.76 390.66
1008.01 376.26 1227.77 344.02
1008.01 376.26 1227.77 344.02
373.48 369.66 512.48 372.88
881.45 365.27 1085.74 334.31
775.29 364.37 970.16 335.82
568.9 356.51 726.74 342.74
818.96 353.0 1013.42 322.46
883.45 339.76 1086.45 304.49
570.33 338.19 728.08 323.08
436.19 336.46 580.86 333.61
957.9 315.56 1170.88 273.02
551.29 296.37 704.99 282.04
1001.06 292.95 1216.43 244.91
794.92 286.39 988.16 247.38
934.71 281.94 1140.67 234.98
226.2 280.06 387.3 296.52
300.5 273.44 448.6 285.26
878.7 272.14 1077.72 226.82
244.96 260.93 401.53 278.78
244.96 260.93 401.53 278.78
778.14 240.94 967.23 197.95
118.42 241.24 302.72 268.73
849.93 235.08 1043.61 186.35
567.24 233.69 720.93 215.36
257.91 234.41 411.91 252.93
265.19 218.51 419.04 237.56
217.78 208.99 379.26 232.51
435.53 207.87 577.81 207.23
489.31 205.65 634.55 197.39
771.61 184.53 957.1 135.02
332.39 182.02 475.65 196.48
464.13 177.34 606.7 173.05
969.23 169.8 1171.89 102.73
767.87 165.1 952.61 113.57
300.25 157.3 447.14 177.49
849.3 154.35 1038.92 95.05
448.5 141.53 589.44 140.62
580.98 139.52 732.62 116.46
432.34 131.54 573.91 132.47
778.01 79.94 959.21 17.92
463.04 61.4 602.11 59.15
577.39 55.76 725.3 30.43
448.31 33.37 586.76 34.69
469.23 14.9 607.77 11.32
538.77 691.8 711.65 690.62
704.7 687.44 915.98 698.42
820.08 686.29 1047.38 704.09
619.96 660.02 813.11 662.71
539.78 641.04 706.94 638.41
538.39 625.62 705.13 622.07
191.49 622.44 366.38 607.45
195.24 617.86 368.4 603.21
261.7 616.44 424.98 603.9
870.02 611.93 1083.98 619.64
261.5 607.51 424.61 595.32
163.62 605.98 340.99 591.75
192.4 599.67 363.78 587.5
208.27 598.12 376.8 585.79
323.76 593.36 473.76 584.69
312.1 589.44 462.14 580.78
246.41 584.42 408.27 574.33
287.23 582.09 438.14 573.46
382.36 580.9 527.61 573.62
307.92 559.36 458.28 552.54
303.83 558.29 454.77 551.54
273.01 542.85 426.44 536.61
198.43 536.76 364.24 531.27
246.15 535.65 401.48 530.85
280.05 528.32 431.95 523.57
77.12 522.23 271.44 517.67
183.03 519.19 350.51 515.0
16.28 518.15 229.93 513.57
264.56 513.66 425.34 508.78
562.03 510.26 722.86 502.71
562.03 510.26 722.86 502.71
1036.39 505.24 1271.15 497.66
184.0 499.68 351.58 497.8
84.11 498.12 276.39 496.63
189.49 493.5 356.05 492.52
185.0 492.94 351.78 491.74
170.95 492.12 340.2 491.51
369.25 491.28 508.54 489.08
53.21 486.49 254.4 486.42
115.74 485.94 299.34 485.76
125.25 482.21 306.17 482.37
184.95 479.28 351.88 480.21
78.94 479.04 272.55 480.32
86.24 474.24 277.8 476.17
24.59 473.93 234.87 475.95
335.78 470.62 478.27 469.31
66.33 469.07 263.72 472.0
957.8 458.21 1176.45 441.74
885.1 451.69 1093.96 433.77
95.47 450.32 285.19 455.03
155.4 443.58 327.8 448.71
649.98 432.27 818.09 418.74
456.02 430.37 604.41 424.62
430.46 429.36 578.39 424.69
428.97 424.17 576.94 420.11
358.1 419.59 497.8 420.89
799.18 405.12 998.39 381.68
1008.5 396.84 1229.58 368.37
1008.5 396.84 1229.58 368.37
347.22 389.81 487.64 393.61
482.18 382.63 631.79 375.35
923.24 369.67 1133.36 338.03
380.52 366.1 517.77 369.19
380.52 366.1 517.77 369.19
219.03 361.74 381.63 372.15
892.54 354.05 1096.97 320.79
566.76 351.47 724.32 337.76
620.98 335.97 786.27 316.49
620.98 335.97 786.27 316.49
1005.04 333.75 1222.05 293.38
937.96 333.39 1148.14 294.81
1008.24 327.43 1226.2 286.0
632.26 327.28 798.48 306.19
860.64 315.89 1060.4 278.27
186.75 313.18 355.05 329.59
172.09 312.25 344.17 329.42
671.88 307.49 846.35 280.94
353.82 306.83 494.38 313.55
177.24 306.23 347.83 323.78
488.56 298.31 634.8 291.45
310.86 298.79 457.21 308.86
592.65 284.78 750.65 266.04
903.16 274.81 1104.98 228.79
345.31 255.81 486.97 265.74
285.34 244.57 434.9 260.6
569.63 241.16 723.54 223.23
494.47 234.02 640.25 225.34
871.2 231.2 1066.7 180.68
581.42 226.5 735.68 206.31
185.8 221.51 354.4 246.56
265.13 218.51 419.04 237.56
556.24 216.57 707.92 199.49
879.02 214.4 1073.16 161.67
988.65 209.43 1197.19 147.11
287.43 208.23 436.32 226.3
932.97 201.44 1135.58 141.25
626.58 200.47 788.12 172.18
986.24 191.0 1192.85 126.04
865.95 185.03 1058.96 128.51
306.35 183.27 452.82 200.98
228.47 182.69 388.57 207.15
272.96 179.69 424.32 201.29
269.97 175.86 422.09 197.48
764.78 169.25 949.45 118.75
341.27 157.03 482.53 172.45
886.09 146.02 1080.2 81.81
544.76 143.24 692.75 126.08
925.91 131.63 1125.07 60.71
859.63 128.44 1048.53 64.82
636.96 121.44 797.35 86.53
619.18 100.43 775.1 68.7
441.01 99.65 580.84 100.91
442.91 89.84 582.22 91.25
459.89 87.75 600.88 84.92
608.47 87.78 763.05 56.46
851.68 83.0 1037.9 13.85
821.83 76.91 1006.05 9.56
561.59 74.92 709.48 52.43
448.29 33.75 586.76 34.69
548.46 33.11 693.87 12.35
443.86 30.36 582.57 32.44
443.86 30.36 582.57 32.44
89.74 731.53 306.24 702.8
815.77 700.42 1048.39 720.74
535.83 681.21 705.63 680.05
506.47 666.93 674.35 663.51
540.12 660.79 706.67 658.19
361.46 630.51 517.65 620.58
252.94 620.42 417.79 608.02
262.47 620.14 425.95 607.6
432.07 612.71 589.17 605.52
428.36 613.37 586.31 606.14
370.75 611.23 525.97 602.28
373.46 608.88 528.4 599.96
167.19 602.57 344.8 588.9
254.11 595.64 418.03 584.41
247.69 593.88 408.01 582.63
204.48 594.29 373.54 582.86
989.67 592.44 1225.98 601.9
381.31 574.44 531.36 567.52
922.04 572.62 1144.76 576.04
132.87 570.19 312.63 559.7
872.34 559.35 1083.35 558.63
457.81 552.33 608.35 546.41
870.31 542.04 1080.64 538.69
195.2 542.03 361.41 535.72
65.0 532.18 261.29 526.48
182.91 527.64 350.35 523.13
206.17 522.96 370.02 519.12
196.41 522.62 362.2 518.28
260.61 510.06 422.59 505.11
308.93 506.26 458.1 502.58
569.01 504.32 730.84 496.21
552.02 503.75 711.04 496.25
181.53 503.17 348.8 501.55
607.17 500.38 772.68 492.26
562.58 499.31 722.95 491.13
623.41 493.35 793.39 483.72
627.18 492.54 797.59 482.77
612.26 492.15 780.71 482.64
464.98 486.59 614.46 480.48
197.59 486.12 363.08 484.95
202.75 485.7 367.14 484.61
559.07 483.72 718.68 475.37
116.9 481.82 299.64 482.2
17.93 480.87 230.27 481.65
906.87 480.74 1122.09 467.34
17.05 477.25 229.56 479.02
279.58 474.01 433.23 473.18
171.03 470.85 339.94 472.51
975.2 468.32 1197.22 453.17
260.35 468.34 416.3 467.97
339.4 467.59 482.06 467.02
371.65 465.59 510.17 464.81
80.71 465.38 273.97 468.46
592.2 455.81 754.45 445.29
83.86 446.83 275.64 452.24
612.87 445.59 778.33 433.71
629.59 443.67 798.87 430.42
1008.3 440.75 1231.57 420.48
92.99 440.9 281.89 446.82
260.0 440.28 464.7 431.31
260.0 440.28 415.49 442.15
831.71 439.41 1034.17 419.97
612.43 438.78 777.47 426.79
361.5 437.49 500.77 438.01
261.63 436.24 417.06 439.07
838.72 434.31 1040.51 414.51
649.79 432.73 818.09 418.74
224.12 433.11 384.67 437.3
883.59 428.21 1090.96 406.96
322.28 424.5 469.18 425.83
198.29 424.84 362.73 430.27
275.95 422.37 427.23 425.74
426.4 420.48 574.67 416.75
283.02 417.82 433.31 421.09
477.84 416.48 627.82 409.76
375.11 415.62 514.99 416.19
163.43 410.72 337.25 417.63
163.43 410.72 337.25 417.63
690.98 405.15 873.46 385.41
477.32 401.89 627.3 394.94
479.78 394.26 629.48 387.08
322.85 392.08 466.42 396.03
476.03 385.67 625.86 378.54
687.36 385.02 867.89 363.71
938.93 382.3 1151.58 352.46
592.56 375.66 751.92 361.13
922.07 374.48 1132.03 343.45
742.46 374.06 937.0 347.37
589.48 374.22 749.2 359.77
350.71 372.24 491.73 376.17
279.28 371.01 430.36 378.5
360.95 364.48 501.08 368.75
574.02 359.83 732.97 345.31
561.89 354.1 718.42 341.08
365.39 348.33 504.5 352.83
560.96 344.06 717.55 330.02
599.49 342.2 760.79 325.07
854.08 340.21 1051.36 307.13
432.27 340.4 577.7 337.39
417.66 340.11 563.67 338.34
231.46 337.72 390.24 349.32
618.54 332.72 783.65 313.42
187.1 331.47 356.44 346.1
938.86 329.52 1150.27 290.36
825.8 328.09 1020.67 293.78
685.05 327.29 863.25 301.43
892.6 323.32 1095.34 285.0
827.5 322.0 1022.67 286.88
651.37 321.03 820.88 298.03
330.68 319.16 474.67 326.69
351.12 311.91 494.6 318.31
344.51 310.47 487.54 317.45
476.82 307.54 622.15 302.0
692.88 300.42 872.35 270.74
953.66 299.22 1164.13 254.03
484.37 298.24 630.91 290.85
688.96 292.78 867.65 263.11
984.84 278.33 1194.88 228.86
356.53 267.61 496.85 276.22
295.42 267.34 444.5 280.21
291.98 267.48 441.55 281.01
434.03 262.31 577.28 261.06
1040.9 252.4 1269.95 192.04
367.4 241.17 507.27 249.58
571.64 236.41 726.04 217.27
797.96 235.27 988.15 190.13
1027.27 232.77 1251.44 170.15
594.39 228.47 751.84 206.27
422.92 223.79 565.75 224.32
556.27 223.92 708.39 207.14
340.87 219.26 482.45 232.17
336.96 219.73 478.91 232.64
470.67 217.98 614.31 213.07
782.45 213.41 969.65 166.45
900.9 212.13 1099.66 156.55
487.77 211.14 632.94 203.62
487.77 211.14 632.94 203.62
313.43 209.58 458.93 224.88
721.88 207.04 906.45 163.62
181.65 206.25 351.03 233.06
617.15 204.08 777.12 177.24
990.83 204.12 1200.18 140.57
705.93 200.15 887.0 158.1
264.52 199.08 418.53 219.02
961.88 196.87 1163.74 135.4
989.5 193.78 1197.42 128.64
772.8 192.48 959.97 143.47
748.86 183.69 933.04 136.39
462.41 180.39 604.54 177.16
671.28 177.39 842.1 139.8
321.37 177.45 466.09 193.75
321.37 177.45 466.09 193.75
310.06 172.01 455.9 189.98
391.48 171.23 533.52 177.78
467.87 170.98 610.2 166.88
467.87 170.98 610.2 166.88
411.98 170.07 553.57 173.57
302.46 169.02 449.68 187.58
707.26 164.38 886.97 118.81
720.59 164.09 902.97 116.71
889.8 163.5 1084.0 101.56
674.88 156.42 845.92 116.72
674.88 156.42 845.92 116.72
485.26 156.38 627.45 149.91
282.52 145.36 431.95 168.15
570.41 142.53 721.11 121.16
540.71 142.59 689.02 125.49
833.88 138.56 1020.83 78.38
508.77 138.13 653.79 126.67
443.41 134.74 584.37 134.14
869.55 118.77 1059.32 52.26
866.18 118.99 1055.8 53.04
514.15 119.06 658.58 107.03
422.73 118.57 563.56 121.93
419.26 117.29 560.1 121.25
794.09 112.65 976.53 53.55
594.18 101.5 747.13 74.05
487.96 72.49 629.35 65.32
469.98 9.12 608.85 6.06
676.19 727.98 887.98 742.08
638.01 715.37 835.0 724.35
613.33 705.81 808.52 712.39
628.02 686.97 825.07 692.74
515.54 672.47 684.29 669.63
574.36 667.99 743.41 668.11
734.53 662.28 945.87 671.76
576.66 656.38 741.83 655.74
474.02 654.49 635.36 649.16
216.09 633.99 388.22 618.63
234.09 630.51 401.47 616.16
544.1 619.07 712.09 615.47
347.53 617.48 504.29 607.88
305.91 617.39 463.4 606.59
170.84 612.09 348.11 597.62
339.68 596.38 484.88 588.03
622.64 591.52 792.09 588.48
212.93 590.98 380.57 580.03
314.96 586.37 464.55 578.02
1011.58 583.46 1252.98 591.82
1011.58 583.46 1252.98 591.82
309.44 582.07 459.71 573.86
142.34 578.36 321.69 566.74
142.34 578.36 321.69 566.74
277.22 577.51 430.29 568.87
312.15 569.33 462.12 561.91
547.59 563.18 706.63 557.69
456.62 558.98 606.53 552.76
610.93 555.64 779.3 550.23
608.29 553.92 776.9 548.42
640.08 553.13 812.14 547.99
350.57 548.89 491.96 543.67
869.68 538.13 1080.08 533.97
387.24 534.9 535.16 529.55
958.26 522.51 1183.04 517.58
458.96 521.48 610.65 515.37
535.28 512.32 692.57 505.62
552.62 510.07 712.26 502.42
282.24 494.66 435.37 491.82
567.11 492.95 727.74 484.75
196.91 491.19 362.08 490.34
594.62 489.84 757.53 481.0
366.36 478.51 505.35 476.69
243.95 477.06 402.07 476.1
728.29 475.96 922.67 462.18
713.23 468.47 898.28 454.88
737.68 463.53 918.18 450.69
229.31 461.66 389.86 462.88
626.71 457.41 794.73 445.79
639.47 454.46 810.06 441.89
657.37 449.6 832.41 435.9
614.99 442.95 780.54 430.55
614.99 442.95 780.54 430.55
348.01 440.51 490.73 441.02
85.42 440.78 276.55 446.46
659.18 434.3 832.81 419.52
446.77 433.89 594.32 428.83
453.29 433.59 602.48 428.02
666.74 432.81 841.42 417.42
450.47 431.99 600.31 426.2
682.56 430.82 862.4 414.49
694.83 427.72 878.23 410.13
463.76 426.25 612.53 420.36
463.76 426.25 612.53 420.36
474.32 424.42 623.13 418.7
478.29 422.66 628.41 415.95
468.13 421.36 616.3 415.87
443.88 417.96 590.99 413.33
443.88 417.96 590.99 413.33
328.36 416.64 474.52 417.9
694.72 415.13 877.48 396.48
247.91 414.52 405.15 419.26
730.41 410.7 922.58 389.36
695.02 410.41 877.73 391.35
487.32 401.18 637.54 394.0
744.57 400.55 941.75 377.17
717.86 399.47 905.8 377.62
803.81 395.3 1002.47 370.51
715.67 392.97 902.68 370.97
711.36 387.61 898.5 364.93
486.03 386.34 635.97 379.09
967.54 385.81 1185.71 355.55
863.09 385.09 1064.14 358.12
713.43 384.44 900.59 361.4
713.16 378.64 899.01 355.31
480.47 378.16 630.98 370.88
590.33 370.89 750.17 356.45
305.78 371.0 455.88 376.1
305.78 371.0 455.88 376.1
305.2 367.54 455.65 372.47
204.53 367.01 370.29 377.27
726.11 356.35 916.59 328.88
912.32 354.66 1119.6 321.02
721.56 351.98 909.41 325.11
648.49 350.9 818.47 330.53
600.26 345.01 760.78 328.18
433.84 342.7 579.31 339.67
677.42 338.2 853.75 313.95
682.15 337.88 860.5 312.46
858.01 337.22 1056.67 303.18
666.38 335.55 837.36 313.01
630.57 331.04 796.36 310.9
684.91 330.75 863.44 305.03
175.49 309.95 346.54 326.85
678.75 306.3 855.21 279.12
1004.98 306.02 1220.67 260.5
691.6 296.34 870.29 266.63
570.13 284.42 726.52 267.07
671.37 279.57 845.4 250.23
678.31 278.58 854.05 248.27
558.52 276.36 712.93 260.86
551.69 270.49 705.01 255.13
421.82 264.87 565.9 264.35
357.45 264.01 496.81 273.12
638.24 256.41 804.66 229.99
444.02 256.25 587.99 253.48
673.06 236.11 846.76 202.84
426.54 224.42 569.73 224.48
419.49 222.97 562.97 223.93
898.52 221.19 1097.5 166.97
725.5 216.81 912.09 173.88
707.04 216.45 888.12 176.62
598.5 216.39 755.05 193.08
598.5 216.39 755.05 193.08
913.75 213.91 1114.7 157.59
810.16 213.77 999.57 164.74
525.1 205.58 673.39 192.53
525.1 205.58 673.39 192.53
622.66 200.98 783.55 173.08
770.44 195.44 957.01 147.19
502.3 192.53 647.88 182.34
746.67 181.18 930.53 133.48
661.41 180.76 829.79 145.13
503.95 179.76 650.44 168.65
672.65 171.46 843.76 133.33
343.66 168.86 485.17 183.05
243.32 168.79 400.5 193.0
750.88 167.6 934.49 118.22
418.31 164.82 559.7 168.12
962.55 164.39 1163.19 97.3
745.02 164.18 928.38 115.05
675.23 164.17 846.11 124.7
747.57 162.27 931.24 112.62
579.04 162.63 730.6 141.14
558.09 152.34 708.04 132.53
738.81 150.01 921.95 99.36
511.15 144.98 656.23 133.63
497.57 137.02 641.45 128.0
461.38 136.61 602.33 134.19
559.08 128.05 708.39 107.46
402.1 117.09 542.27 124.76
613.33 104.47 769.18 73.32
523.13 92.09 667.68 77.9
