800.95 548.64 874.74 540.26
716.27 520.42 777.21 518.25
289.2 393.18 280.7 421.13
289.2 393.18 280.7 421.13
747.99 305.89 790.23 295.57
734.96 530.14 796.45 524.86
786.71 394.42 838.08 383.63
701.09 329.76 739.65 323.77
701.09 329.76 739.65 323.77
685.22 325.7 722.51 321.03
685.22 325.7 722.51 321.03
690.06 86.12 704.99 79.73
690.06 86.12 704.99 79.73
132.01 538.53 124.37 581.1
491.34 455.01 514.78 469.16
943.05 413.32 1016.86 389.79
843.14 408.37 906.12 392.57
578.13 173.4 587.73 174.29
184.18 517.24 176.33 556.4
490.86 456.44 514.78 469.16
757.06 422.78 813.95 413.61
493.04 402.75 512.3 414.2
493.91 390.2 511.94 402.2
831.48 295.92 880.77 280.07
856.24 289.99 910.16 270.5
239.98 285.8 223.42 316.69
239.98 285.8 223.42 316.69
847.77 241.98 896.41 222.56
232.64 542.53 236.49 577.89
189.89 480.64 180.07 518.46
901.56 463.77 979.11 444.55
512.63 462.15 540.49 474.27
546.5 456.54 578.39 465.93
687.84 422.79 734.09 418.45
733.76 417.69 783.37 411.61
1193.0 414.52 1177.12 384.89
837.06 399.68 898.8 384.19
667.09 387.77 707.97 385.27
526.11 379.33 547.0 388.18
509.97 278.51 520.24 285.99
855.13 251.74 904.76 232.44
855.13 251.74 904.76 232.44
669.88 247.84 697.14 243.15
676.22 235.52 702.75 230.44
521.6 221.53 527.58 226.32
678.01 146.65 696.58 138.18
689.84 78.99 703.61 70.2
729.51 640.52 802.55 641.68
123.56 531.51 114.15 575.07
662.46 519.04 716.18 519.53
159.54 510.5 148.99 551.55
188.32 454.77 175.89 492.02
1185.68 419.07 1168.93 389.76
660.44 403.94 702.28 402.75
554.65 378.19 579.84 383.97
561.67 354.0 585.51 359.55
683.13 311.14 718.04 306.19
663.76 242.07 690.3 237.3
857.22 236.51 905.92 217.2
668.65 233.9 694.7 229.76
841.05 231.94 888.74 212.25
328.72 215.04 312.5 237.0
636.2 213.82 656.11 210.68
675.62 197.05 698.68 191.63
288.36 186.32 266.97 211.91
288.36 186.32 266.97 211.91
690.39 171.66 712.94 163.92
494.92 93.93 487.54 101.23
494.92 93.93 487.54 101.23
796.1 585.93 872.34 579.13
192.22 513.63 185.08 551.92
183.19 488.36 172.78 527.04
521.15 461.78 546.16 474.52
835.37 458.01 904.31 444.03
52.57 451.66 31.27 499.38
169.66 442.67 154.87 481.46
690.5 435.47 738.87 432.91
728.73 413.01 776.47 406.79
727.8 374.62 773.59 369.42
432.02 363.23 440.73 379.69
560.38 344.01 583.64 349.93
728.01 338.72 769.6 330.92
560.26 337.49 582.61 342.24
754.88 317.39 798.15 306.89
681.98 304.31 717.02 298.84
867.01 251.17 918.83 230.47
579.88 159.78 587.99 160.25
666.02 70.6 676.76 63.77
1028.86 726.06 1153.17 707.09
407.86 548.39 429.8 570.88
106.24 522.2 92.14 567.4
185.56 521.02 179.59 560.13
733.01 519.69 795.96 515.54
783.27 516.94 851.7 509.25
605.87 489.07 648.51 494.13
662.9 485.74 713.76 486.83
649.9 477.4 698.02 478.87
165.97 477.1 152.61 517.01
744.53 475.43 804.44 469.45
670.88 475.28 721.32 475.06
33.14 473.02 8.46 522.85
741.23 472.02 801.72 465.92
196.91 470.59 188.04 507.46
798.07 470.09 863.73 459.9
309.15 455.05 308.27 483.57
482.13 440.56 504.06 454.08
186.55 434.78 172.35 471.98
717.82 418.19 763.17 413.47
766.0 417.75 821.53 408.42
766.0 417.75 821.53 408.42
850.79 411.93 915.71 396.21
838.73 397.73 899.71 382.49
145.72 392.76 123.74 432.43
145.72 392.76 123.74 432.43
518.59 388.88 539.98 398.53
484.19 381.63 500.97 394.11
485.31 366.69 501.78 378.98
520.73 364.25 540.37 372.91
823.69 351.13 874.23 337.95
555.82 349.56 578.72 355.5
672.55 318.77 707.01 313.55
678.52 313.85 713.83 309.53
681.99 304.51 717.02 298.84
833.15 287.47 882.45 270.73
755.38 286.15 796.4 275.06
703.42 277.7 738.02 270.86
843.31 262.08 892.6 243.94
848.12 245.84 897.2 226.83
861.92 242.31 911.93 221.98
338.13 221.07 323.32 241.91
663.71 218.0 688.23 213.34
328.44 206.42 310.75 227.88
586.46 189.92 598.25 190.2
313.43 185.23 294.93 209.04
313.43 185.23 294.93 209.04
675.9 161.45 695.55 154.47
491.87 161.64 489.97 169.94
563.85 149.84 569.15 151.85
918.52 142.62 965.25 116.41
891.34 84.42 928.93 60.08
882.35 75.98 917.97 52.52
459.73 54.34 444.96 64.07
461.42 39.23 445.81 49.32
860.89 643.47 951.81 633.43
910.51 620.03 1006.06 605.56
951.33 614.53 1052.53 596.69
907.31 614.62 1002.55 600.03
948.6 611.69 1048.52 593.67
948.6 611.69 1048.52 593.67
941.41 610.97 1040.62 593.97
937.83 604.82 1035.59 587.51
857.26 605.14 943.85 594.16
857.26 605.14 943.85 594.16
941.35 599.12 1039.56 581.41
921.04 597.93 1016.15 581.49
856.09 594.18 941.59 582.95
924.47 592.27 1018.79 575.43
912.5 591.64 1004.54 575.66
912.5 591.64 1004.54 575.66
836.78 587.54 919.18 577.67
947.21 586.82 1044.77 568.21
928.01 586.45 1022.7 569.29
896.03 581.64 985.46 566.66
720.37 580.23 786.93 579.46
946.54 575.23 1042.42 556.09
933.89 574.9 1026.97 556.79
917.75 568.46 1008.49 551.26
877.9 562.04 962.61 548.05
863.11 562.0 946.94 548.84
863.11 562.0 946.94 548.84
866.9 559.38 950.15 546.18
887.04 556.79 972.39 541.91
932.39 555.9 1023.73 536.93
937.66 555.09 1028.71 535.83
915.6 552.27 1005.75 534.72
923.29 549.85 1013.13 531.5
947.71 546.44 1040.7 526.23
880.69 546.49 964.39 531.6
847.61 541.82 926.93 529.54
823.6 536.9 898.86 526.07
857.36 531.0 936.34 517.68
951.65 529.94 1042.17 508.89
106.89 518.42 93.2 563.45
943.5 518.14 1033.36 497.11
911.94 515.72 996.78 497.01
951.09 512.85 1040.04 490.9
914.6 513.14 999.85 494.38
860.22 510.0 938.69 495.5
917.55 507.55 1001.39 488.43
889.86 503.4 970.69 486.46
933.09 501.06 1019.5 480.76
905.18 485.93 986.05 467.3
175.81 484.91 164.26 524.21
667.08 483.17 717.37 483.59
179.48 480.58 168.15 519.36
733.36 477.21 791.43 472.4
941.62 460.89 1024.51 438.66
745.29 457.64 802.35 451.22
538.88 449.91 568.04 460.04
864.24 443.47 934.16 426.98
310.49 441.32 308.6 469.21
939.57 435.08 1017.85 412.18
933.82 435.13 1011.43 413.06
190.59 432.42 176.71 469.41
689.19 429.94 736.95 427.38
763.13 428.8 820.03 420.21
854.71 424.56 921.12 408.68
817.97 420.12 880.74 406.76
757.88 416.87 811.9 407.84
895.8 409.2 966.75 389.11
840.01 402.93 901.88 387.5
881.99 400.91 949.38 382.1
889.57 399.81 958.12 380.38
181.68 400.05 163.72 436.59
186.77 397.87 170.69 433.98
837.18 394.5 897.05 378.75
542.25 384.09 565.94 391.6
569.62 382.7 597.66 388.42
550.96 381.34 575.64 388.59
664.59 379.7 704.73 377.65
551.15 374.72 575.9 381.46
736.87 368.8 782.24 362.58
891.03 363.59 955.31 343.48
160.6 363.0 143.9 401.06
920.51 359.27 988.96 336.4
565.26 357.91 589.62 363.46
551.89 357.54 575.11 363.91
431.08 353.06 439.26 368.78
552.8 339.22 574.82 345.71
684.04 338.04 722.23 333.39
709.89 335.08 749.02 328.46
555.06 334.98 577.21 340.54
896.79 329.65 960.07 307.74
918.15 318.14 982.55 294.74
888.59 317.51 949.03 296.34
690.94 314.24 727.75 308.89
690.94 314.24 727.75 308.89
332.3 312.75 325.23 335.82
923.22 312.13 987.43 287.91
854.63 304.75 909.1 286.45
698.38 300.57 734.1 294.99
673.06 296.32 706.02 291.82
695.22 295.76 730.16 290.09
691.11 295.58 726.03 289.67
479.94 290.32 487.82 301.37
476.74 288.1 484.65 299.59
665.82 287.51 696.98 279.4
853.71 286.33 906.81 267.3
854.0 282.78 907.0 263.32
819.75 272.52 869.22 255.05
857.29 267.07 909.47 247.65
545.33 265.31 558.96 270.28
914.65 259.88 972.12 235.63
656.15 259.87 682.86 256.38
673.65 259.69 702.82 255.65
845.96 258.04 895.74 239.13
679.28 254.54 708.35 248.96
925.18 252.42 983.49 227.07
834.33 252.46 881.27 234.44
862.21 250.23 912.56 230.12
601.86 249.34 621.5 250.45
860.14 245.45 910.01 225.6
838.75 243.78 885.51 225.85
651.79 243.73 676.44 240.63
850.7 242.05 900.0 222.51
850.7 242.05 900.0 222.51
668.94 240.97 695.11 236.56
856.01 240.3 904.48 220.99
514.51 227.08 520.89 233.77
856.25 226.51 903.57 206.99
532.95 208.57 539.64 213.66
270.29 193.92 247.26 220.74
694.99 177.06 718.55 168.47
685.82 169.25 707.8 161.12
680.42 163.48 701.1 156.94
347.86 158.31 329.38 177.9
906.43 148.19 952.53 122.71
363.54 135.09 343.98 152.35
791.26 132.98 821.76 117.09
490.86 121.98 485.96 129.61
364.04 112.06 342.34 129.38
492.78 88.39 484.67 95.45
687.74 64.35 700.5 57.63
505.83 42.61 495.02 48.58
794.71 640.74 876.77 636.09
906.5 611.61 1000.56 596.67
807.25 606.84 887.88 599.85
700.32 607.15 766.42 608.86
837.33 606.02 921.75 596.76
802.27 606.18 882.25 599.68
722.95 604.6 790.69 604.72
800.02 604.02 878.48 597.57
810.24 601.92 890.52 594.41
804.3 601.4 884.3 594.61
824.22 598.08 905.74 589.35
824.22 598.08 905.74 589.35
939.76 593.83 1036.37 575.86
797.19 591.1 874.91 584.39
797.19 591.1 874.91 584.39
876.91 589.95 964.65 576.7
873.91 587.7 961.45 574.54
823.48 587.15 903.94 578.31
825.37 582.15 905.87 573.08
951.55 578.79 1047.97 559.45
720.95 565.5 786.35 564.33
945.78 563.63 1040.43 544.04
888.73 562.5 974.83 547.37
840.26 561.47 920.86 550.73
791.03 556.91 864.31 549.47
832.57 556.52 911.46 545.83
793.85 553.87 867.55 546.01
242.65 554.26 247.08 589.42
946.49 552.2 1038.92 532.35
793.78 548.78 866.65 540.73
897.59 546.84 983.25 530.46
665.88 543.49 721.9 545.67
890.16 541.13 974.65 525.29
890.16 541.13 974.65 525.29
873.62 541.08 955.72 526.72
666.15 539.59 721.98 541.85
941.74 538.64 1033.17 518.89
846.6 536.43 924.88 524.24
835.56 536.56 912.27 524.91
505.77 531.67 537.44 547.15
867.42 530.95 948.15 516.76
724.88 526.69 787.39 523.68
793.43 525.2 864.07 516.81
845.7 515.94 922.68 502.46
775.45 516.17 843.09 508.54
180.52 515.87 171.26 555.79
797.76 515.77 867.99 506.42
745.31 515.16 809.3 510.31
745.31 515.16 809.3 510.31
149.47 513.21 135.21 555.37
823.58 506.29 897.11 494.72
829.43 506.25 902.68 494.25
810.97 505.1 881.28 494.74
831.86 500.91 905.86 488.58
831.86 500.91 905.86 488.58
715.18 494.46 773.12 491.27
786.53 493.96 854.31 485.05
726.58 493.4 785.45 489.63
946.81 492.28 1034.37 470.06
637.64 492.02 685.39 495.19
420.45 492.0 438.57 512.08
762.97 490.97 827.22 484.16
782.63 489.46 849.94 480.58
823.21 488.72 892.96 476.51
869.94 488.53 946.58 472.83
642.44 487.86 689.88 490.3
827.84 486.33 898.92 473.7
649.41 484.64 697.89 486.44
183.38 483.97 171.94 522.5
832.14 480.84 903.62 467.85
174.65 477.12 162.63 516.34
180.61 473.9 169.31 512.41
651.77 471.21 699.75 472.18
671.39 469.0 721.18 468.53
649.95 468.52 696.26 470.06
663.21 467.7 711.77 467.74
478.76 464.85 502.23 479.44
245.27 464.02 237.81 497.64
660.84 460.49 708.22 460.94
517.18 459.21 545.45 470.48
273.86 458.54 281.97 488.08
522.24 457.06 550.12 468.28
773.6 452.23 833.38 443.33
552.88 451.72 584.84 460.11
550.39 450.45 582.0 458.67
670.66 449.07 717.74 448.51
176.43 447.11 162.0 485.17
801.74 446.17 862.02 435.24
810.66 444.89 874.46 432.81
821.88 441.89 887.02 428.84
797.27 441.96 859.45 431.01
786.19 441.47 843.68 431.42
803.81 438.37 866.21 426.69
801.4 437.15 862.97 425.57
803.7 435.28 865.41 423.41
783.99 434.79 842.72 425.15
802.71 432.57 863.7 420.85
786.62 432.5 844.89 422.39
780.79 432.36 838.87 422.48
686.15 432.65 733.74 429.91
757.68 429.47 813.96 421.0
876.03 427.08 946.11 409.54
872.57 425.62 942.12 408.23
800.52 425.33 876.73 410.44
873.04 422.53 942.8 404.51
799.23 420.81 892.13 401.61
849.68 420.48 916.1 404.55
768.72 420.32 824.66 410.85
875.79 419.76 945.43 401.39
896.35 418.99 967.97 399.62
810.94 418.46 871.37 406.17
871.71 417.46 939.62 399.77
860.31 416.69 927.82 399.99
868.69 415.82 936.69 398.43
936.13 415.5 1011.93 392.79
834.09 415.16 866.55 407.15
873.71 412.07 940.89 394.46
758.42 411.54 811.62 402.14
244.04 410.55 234.53 442.94
872.3 409.51 939.99 391.66
862.46 409.31 928.95 391.94
1274.51 408.9 1256.36 374.48
756.87 409.09 809.39 399.84
865.57 406.39 962.0 381.42
499.45 399.71 518.54 411.12
895.35 398.88 965.18 378.55
906.78 396.79 977.52 375.85
867.45 396.21 933.19 378.39
863.06 393.9 927.34 376.41
902.73 392.49 972.75 371.63
516.32 392.06 538.26 401.89
516.32 392.06 538.26 401.89
934.65 389.31 1008.03 366.01
860.8 389.41 925.39 371.89
234.76 386.07 224.13 418.17
536.82 385.44 559.92 393.86
671.92 383.1 712.53 380.91
661.96 382.57 702.49 380.93
913.03 381.67 982.98 359.96
927.53 379.96 999.16 356.62
500.99 375.51 518.21 386.73
671.69 373.12 711.61 370.26
517.22 370.09 537.0 379.21
861.93 367.65 924.43 349.27
873.22 366.95 937.08 347.96
756.31 366.16 804.44 356.97
859.57 365.41 921.18 347.51
517.67 365.06 537.32 374.09
907.95 362.98 976.12 340.89
549.83 360.86 573.59 366.82
559.29 359.04 583.61 364.63
554.86 359.18 578.41 365.62
905.95 355.0 972.54 333.1
558.78 349.75 582.79 354.8
563.48 348.09 587.68 353.43
835.83 347.54 890.7 332.13
855.81 346.62 915.35 328.62
561.47 345.47 584.69 351.0
916.61 339.84 981.65 317.39
925.81 338.1 992.49 314.44
868.37 327.5 927.53 307.93
873.04 324.9 932.73 305.06
854.83 323.92 912.14 305.42
899.01 321.31 961.26 299.69
899.01 321.31 961.26 299.69
906.6 319.63 968.66 297.28
906.6 319.63 968.66 297.28
926.99 319.1 992.55 294.75
857.17 313.52 913.49 294.95
672.38 311.44 706.67 306.82
775.34 309.16 820.39 296.96
703.91 308.7 740.42 302.0
880.71 306.89 939.7 285.98
677.0 306.62 710.74 302.5
701.26 300.21 737.17 293.71
925.94 299.55 989.58 274.52
876.0 288.91 932.04 268.34
876.0 288.91 932.04 268.34
745.11 286.4 784.76 276.08
756.46 279.42 797.09 268.43
856.56 276.59 909.71 257.19
641.34 265.74 666.88 263.12
547.55 259.96 561.28 264.86
853.63 258.2 903.93 239.53
674.11 251.21 701.66 246.57
865.31 246.46 915.52 226.23
657.89 244.79 682.97 241.29
481.17 243.18 485.87 253.22
869.12 242.12 919.74 221.41
656.82 239.32 681.59 235.67
481.77 239.93 485.77 249.17
892.14 238.79 945.1 215.91
861.31 238.96 911.74 218.04
864.24 233.19 914.23 212.05
860.3 231.5 908.69 211.33
857.7 223.47 905.41 203.19
637.46 223.57 658.48 220.78
923.29 218.45 979.04 192.32
902.25 214.13 953.4 190.37
919.62 203.07 972.73 177.13
916.87 201.73 969.01 176.19
650.87 201.28 671.34 196.88
510.08 198.05 513.93 204.9
797.14 196.75 834.71 180.99
921.78 189.62 973.65 163.39
898.73 187.34 947.61 163.05
294.92 182.87 272.74 207.64
897.48 180.97 945.38 156.91
696.33 180.24 720.79 171.8
920.04 171.41 969.65 145.65
682.59 160.82 703.46 153.92
913.2 159.52 961.21 133.84
760.48 149.31 788.88 135.94
335.71 132.46 311.39 151.31
797.27 129.72 828.57 113.14
448.11 128.1 438.32 139.51
890.39 74.29 926.95 50.14
497.26 41.27 485.39 47.7
