1111.29 669.77 1159.97 632.23
667.46 578.08 679.71 555.39
1079.14 527.73 1126.49 485.41
388.92 512.39 367.77 500.77
744.97 323.74 762.27 280.23
1113.4 317.72 1142.55 267.63
772.13 596.09 803.54 569.16
703.9 530.47 723.86 502.86
363.36 481.84 339.08 470.83
1095.36 393.76 1129.15 346.59
1095.36 393.76 1129.15 346.59
159.39 376.12 115.0 364.86
813.45 315.55 840.82 267.2
154.21 800.5 136.78 839.31
468.6 576.77 456.02 563.76
151.25 562.93 117.54 560.82
151.25 562.93 117.54 560.82
433.67 442.41 413.24 426.43
433.67 442.41 413.24 426.43
987.15 254.78 1030.48 194.81
360.12 581.55 342.44 572.58
360.12 581.55 342.44 572.58
150.26 567.94 117.54 560.82
1098.87 492.41 1141.49 448.29
322.46 452.12 293.67 442.32
150.56 437.59 109.05 427.89
1157.18 415.33 1181.93 369.98
183.1 400.54 142.78 390.6
600.49 131.62 588.88 84.18
726.61 117.44 734.99 56.9
897.93 693.71 983.45 669.3
397.08 617.42 388.21 608.04
430.16 598.55 420.87 586.84
430.16 598.55 420.87 586.84
600.16 554.23 604.33 533.73
600.16 554.23 604.33 533.73
154.62 512.44 118.27 507.7
154.62 512.44 118.27 507.7
817.34 433.13 847.89 393.84
167.44 401.26 125.46 392.73
975.87 389.3 1028.24 338.33
340.38 324.11 310.19 303.44
584.42 273.58 575.13 238.6
584.42 273.58 575.13 238.6
854.35 265.3 891.11 207.62
633.22 226.17 629.9 183.25
903.93 168.85 948.9 96.69
833.11 121.73 861.24 51.65
148.09 810.95 130.79 854.04
68.32 792.76 28.85 833.77
66.21 784.75 25.78 823.8
957.8 705.74 1045.69 679.42
85.02 651.95 45.44 660.38
221.44 633.77 199.45 632.92
382.34 592.75 368.19 583.17
366.41 556.82 346.27 546.85
405.26 548.21 386.3 536.93
420.23 510.97 407.23 496.04
368.18 509.64 345.65 498.81
956.27 505.26 1019.88 462.36
165.17 445.56 126.14 435.98
153.31 391.9 109.25 380.31
230.11 386.58 192.59 373.97
482.98 377.4 457.22 361.33
350.03 342.63 321.22 322.39
311.89 315.88 278.17 295.75
497.95 261.09 475.9 233.05
600.9 256.84 592.87 219.9
237.3 254.55 194.53 231.04
257.58 242.32 215.98 216.21
162.94 786.12 146.3 818.53
130.71 708.53 101.74 723.3
666.39 684.07 701.32 667.73
666.39 684.07 701.32 667.73
620.72 677.06 649.76 662.05
712.86 672.59 746.93 653.01
712.86 672.59 746.93 653.01
136.74 669.94 107.95 677.84
402.44 583.38 385.86 572.73
709.48 554.66 730.66 528.15
826.07 530.05 865.68 496.11
600.01 485.12 601.14 461.14
147.48 445.65 106.03 437.55
282.8 435.42 250.87 425.73
1160.86 292.74 1176.81 245.14
492.48 284.91 470.78 258.77
258.55 277.22 218.86 253.49
846.93 256.37 883.15 197.78
1223.03 241.71 1215.23 199.79
1140.67 234.98 1155.92 185.5
1140.67 234.98 1155.92 185.5
458.15 198.51 431.78 166.41
815.64 159.22 841.49 94.58
201.04 721.61 185.9 734.96
765.28 709.35 820.46 691.34
675.83 701.36 716.26 686.24
172.93 672.76 149.07 679.45
163.76 661.78 135.65 666.76
163.76 661.78 135.65 666.76
753.19 660.06 786.99 637.61
152.98 659.94 125.56 665.63
204.19 641.13 182.48 641.24
365.88 566.85 346.73 557.19
216.5 563.09 187.55 560.36
342.02 561.69 319.59 553.77
348.79 558.11 326.98 549.99
613.27 549.73 619.84 528.03
613.27 549.73 619.84 528.03
254.72 539.92 227.16 534.29
237.31 529.31 209.23 523.05
350.36 515.07 326.77 505.06
274.04 514.12 246.04 507.09
274.04 514.12 246.04 507.09
85.62 497.09 40.42 491.78
284.66 481.58 255.37 473.46
409.71 475.18 389.0 461.45
950.46 448.58 1010.0 401.28
199.22 447.31 161.95 440.02
350.23 434.39 324.12 420.94
277.24 430.48 245.25 420.58
261.65 412.65 227.53 402.93
201.77 410.78 163.17 403.22
177.32 363.94 133.78 352.94
589.2 326.71 583.07 294.36
872.41 270.62 912.18 212.61
872.41 270.62 912.18 212.61
599.33 261.43 591.21 224.79
508.58 253.36 485.49 226.34
1137.85 247.24 1153.92 197.95
922.71 238.18 971.52 172.96
259.33 222.51 217.17 194.35
434.29 197.12 405.77 165.81
446.03 171.39 417.27 137.61
975.38 157.35 1013.1 90.5
702.74 126.45 706.88 69.24
732.62 116.46 739.65 57.28
91.38 766.67 56.41 798.96
200.63 746.32 188.51 765.83
660.26 731.13 712.79 721.34
744.92 672.24 783.4 651.24
744.92 672.24 783.4 651.24
173.25 667.37 147.99 673.25
184.69 661.23 162.43 664.35
184.69 661.23 162.43 664.35
182.97 657.77 159.44 661.33
192.57 648.28 170.47 650.25
206.03 635.83 184.85 636.95
687.25 631.96 720.47 610.87
219.92 622.98 197.61 622.26
59.65 621.08 37.63 624.56
490.92 611.47 489.34 597.87
424.98 603.9 416.23 592.94
1229.73 596.13 1251.51 552.84
417.35 596.07 407.92 584.72
424.61 595.32 415.14 583.51
358.92 594.68 340.81 585.74
340.99 591.75 323.11 583.98
473.76 584.69 461.65 571.28
959.81 582.01 1025.97 545.03
76.71 573.5 34.89 575.9
76.71 573.5 34.89 575.9
257.11 554.02 230.05 549.45
458.28 552.54 444.05 539.34
613.4 549.67 620.03 527.79
613.4 549.67 619.84 528.03
354.68 530.48 332.04 521.41
362.15 526.65 339.91 516.35
252.89 517.67 224.0 511.67
350.51 515.0 326.77 505.06
155.85 501.37 119.49 496.78
156.15 495.35 118.9 489.72
119.9 495.57 78.82 491.02
356.05 492.52 331.88 481.81
351.78 491.74 326.98 481.8
340.2 491.51 314.15 482.36
250.47 489.03 219.98 481.28
365.75 488.03 341.95 476.99
356.26 480.98 330.99 470.37
272.55 480.32 243.41 471.86
158.56 467.9 119.72 459.42
162.75 466.05 124.33 458.22
331.6 451.89 303.47 441.15
744.8 449.73 766.96 415.04
327.8 448.71 298.8 438.54
159.15 441.89 118.71 432.09
512.69 438.0 493.53 420.71
277.36 430.44 245.25 420.58
346.14 423.92 319.33 409.74
870.83 422.47 914.46 377.94
163.45 413.14 121.78 405.5
1092.43 411.28 1128.56 364.64
632.63 382.36 635.31 350.37
450.89 377.52 429.28 357.96
170.4 369.03 127.35 358.11
1151.22 344.78 1172.21 297.86
614.82 312.66 612.58 277.3
1061.75 297.75 1094.76 245.5
374.44 273.16 343.01 250.35
872.35 270.74 912.18 212.61
872.35 270.74 912.18 212.61
621.54 240.65 616.14 200.69
723.54 223.23 734.61 172.87
723.54 223.23 734.61 172.87
726.04 217.27 737.18 166.31
572.76 211.2 559.61 173.04
388.52 197.16 356.16 166.59
469.3 190.37 443.08 157.66
410.13 179.83 378.8 147.55
706.51 176.85 713.32 123.52
1047.07 165.34 1075.37 105.66
1083.51 146.75 1103.72 90.05
702.63 126.4 706.88 69.24
797.35 86.53 816.52 17.0
763.84 74.21 777.27 5.97
75.13 784.12 36.78 822.98
194.67 735.55 180.38 751.67
833.1 721.79 906.51 702.76
776.78 716.68 836.45 698.97
142.65 711.52 117.65 725.84
795.51 702.97 868.58 684.44
689.58 684.77 726.63 667.19
684.63 679.43 719.39 661.84
671.55 666.38 706.0 648.25
173.32 663.74 148.1 668.17
91.84 656.77 53.18 664.44
116.26 653.68 83.47 659.93
635.36 649.16 657.67 631.03
679.62 643.58 712.57 623.51
953.25 637.06 1020.14 604.65
211.77 633.44 190.86 632.16
217.28 627.34 194.93 626.61
582.09 626.28 594.6 609.43
534.38 625.5 537.6 610.64
215.73 624.28 193.42 623.29
510.84 618.99 512.02 604.84
368.49 611.25 355.81 602.92
235.89 604.87 212.1 602.27
492.64 603.74 493.61 589.41
368.4 603.21 354.34 594.63
974.25 599.17 1042.92 563.09
400.36 594.33 380.66 584.57
368.57 594.1 354.01 584.71
947.92 590.45 1010.66 554.8
454.95 588.83 442.33 576.6
363.78 587.5 346.8 578.7
935.96 587.23 998.17 551.77
257.35 582.92 232.45 578.07
462.14 580.78 449.61 568.16
475.13 580.0 462.89 566.46
375.79 578.53 359.38 568.62
254.31 574.77 226.46 569.91
143.55 574.61 110.09 574.79
212.93 568.24 184.5 564.51
219.05 566.41 190.78 562.5
355.39 565.51 335.08 556.51
898.71 561.5 951.97 526.06
220.75 560.58 191.41 557.98
358.04 559.51 337.09 550.83
233.03 549.6 205.81 544.76
402.01 548.98 382.81 537.7
289.29 544.94 263.63 538.77
210.75 542.48 180.86 538.74
157.76 542.42 122.75 539.08
988.56 536.18 1051.87 495.06
157.35 536.01 123.71 533.04
779.26 533.06 810.61 501.81
394.99 530.37 374.35 519.01
922.71 524.99 980.22 485.48
370.02 519.12 348.1 508.88
271.44 517.67 243.77 510.67
244.94 517.26 215.78 511.35
244.94 517.26 215.78 511.35
223.13 514.83 191.8 509.33
217.52 513.78 185.41 508.69
955.58 511.16 1019.9 468.53
425.34 508.78 412.2 493.52
348.8 501.55 323.25 491.72
163.83 500.71 127.39 495.43
160.17 500.26 123.1 494.83
584.39 493.32 583.96 470.87
279.88 491.43 251.07 483.15
164.33 489.89 127.59 483.02
408.25 488.88 387.45 476.15
250.5 488.76 219.98 481.28
250.5 488.76 219.98 481.28
254.4 486.42 223.86 479.55
363.08 484.95 338.85 473.9
818.47 482.61 855.29 445.71
161.91 482.56 124.29 475.21
373.79 481.41 350.56 469.5
614.46 480.48 590.98 464.08
164.88 478.64 127.44 472.05
95.41 478.17 50.49 473.61
395.44 477.74 374.36 464.64
161.53 477.25 123.92 469.22
277.8 476.17 247.84 467.98
273.97 468.46 242.86 460.59
264.71 468.77 233.93 460.89
877.76 458.97 956.86 409.08
238.94 459.05 206.01 451.2
882.37 457.99 961.38 407.89
235.59 456.11 202.28 448.25
961.62 453.14 1022.97 405.66
913.24 451.59 961.38 407.89
1019.56 446.7 1069.95 400.36
929.53 441.23 983.66 394.97
725.68 434.84 744.63 400.18
802.42 433.93 833.2 394.78
802.42 433.93 833.2 394.78
778.33 433.71 804.21 396.33
291.44 423.51 258.81 414.07
291.44 423.51 258.81 414.07
748.45 420.6 769.75 384.01
862.4 414.49 903.69 369.92
216.84 413.39 179.02 404.44
184.81 412.46 145.5 401.66
173.9 411.9 133.42 400.79
185.79 408.46 145.88 398.15
491.44 396.07 471.47 377.45
629.48 387.08 631.87 355.57
454.3 382.25 433.5 362.79
732.97 345.31 749.85 303.75
732.97 345.31 749.85 303.75
1132.03 343.45 1155.91 296.04
566.52 339.27 558.38 308.9
453.47 339.48 431.75 317.01
466.09 331.64 443.79 309.39
731.81 327.92 748.03 285.39
732.78 314.8 751.8 269.32
863.25 301.43 902.07 246.77
789.26 300.32 813.3 251.79
700.65 298.47 710.9 255.53
291.93 291.46 256.03 269.95
710.55 279.23 722.52 233.73
858.52 270.7 895.42 213.71
308.43 269.16 272.87 245.12
984.93 261.62 1028.45 202.26
236.52 258.39 193.89 235.06
427.37 254.14 399.82 227.63
427.37 254.14 399.82 227.63
338.6 254.19 304.61 229.29
354.4 246.56 321.53 220.61
640.62 241.11 639.16 198.66
621.05 231.52 614.9 191.26
804.66 229.99 829.99 173.63
331.91 228.91 296.34 201.06
664.71 228.16 666.56 182.78
356.55 216.16 322.03 187.79
640.47 204.22 637.6 159.24
415.38 197.95 385.53 166.82
384.42 179.92 351.42 147.09
851.33 161.63 883.92 94.51
857.9 161.21 892.12 93.09
906.65 142.47 951.29 67.27
533.6 117.2 511.7 74.98
711.7 111.3 716.59 52.3
1020.83 78.38 1047.26 11.72
385.54 818.46 426.55 848.19
86.17 772.01 50.4 806.15
589.49 750.09 639.73 747.06
659.36 713.91 702.49 701.2
1021.13 701.9 1102.64 671.55
794.07 699.54 867.63 680.81
730.58 686.8 773.45 667.89
764.54 676.14 805.68 654.48
684.29 669.63 718.22 651.28
957.69 639.09 1024.94 606.78
933.92 638.34 1010.91 606.84
715.04 631.73 747.24 609.27
518.91 624.03 521.72 609.42
1050.37 619.26 1109.35 581.89
734.43 614.88 760.4 590.9
734.43 614.88 760.4 590.9
423.6 610.65 414.92 600.03
355.67 597.37 340.55 589.09
172.84 596.52 143.02 595.67
965.02 595.7 1032.17 559.61
344.21 593.96 326.73 586.38
247.73 594.01 222.83 590.58
1064.82 593.63 1120.2 554.43
370.27 591.38 355.59 582.03
386.5 590.43 372.0 580.9
970.64 590.21 1039.58 553.41
1029.4 579.1 1088.57 540.27
963.52 578.87 1029.79 541.64
354.92 573.01 336.47 563.86
507.45 571.54 495.32 556.73
525.08 570.44 513.55 555.17
525.08 570.44 513.55 555.17
1058.65 565.14 1112.81 524.75
460.43 565.17 447.14 551.63
462.12 561.91 448.76 548.52
848.08 559.0 893.03 525.88
460.03 556.07 446.11 542.3
385.9 555.39 366.1 545.23
1039.0 552.5 1095.48 511.76
440.61 552.32 423.74 540.13
440.61 552.32 423.74 540.13
258.14 546.72 230.82 541.69
497.25 543.32 481.27 528.96
491.96 543.67 476.46 529.13
533.47 534.35 529.12 516.07
921.61 530.41 978.7 491.39
151.07 526.52 114.81 523.0
357.31 525.17 335.24 515.22
975.91 518.87 1039.76 476.46
961.88 519.23 1026.99 477.13
906.36 519.18 959.51 480.16
362.2 518.28 339.08 508.75
840.06 514.17 882.47 478.12
842.41 509.41 884.06 473.03
339.02 509.62 313.7 500.58
895.11 507.33 946.76 467.98
341.33 507.12 315.14 498.2
440.11 503.25 423.57 489.08
163.75 494.76 127.05 488.69
1020.34 493.53 1076.91 449.3
341.54 488.03 315.43 478.45
810.45 487.44 834.12 454.04
725.07 487.47 745.78 456.39
272.9 486.64 243.45 479.02
856.65 479.28 930.28 433.43
505.35 476.69 487.25 460.84
877.26 475.43 924.62 434.53
877.26 475.43 939.38 431.41
772.46 475.3 917.13 411.33
124.06 475.69 81.8 469.72
786.17 475.12 866.66 427.24
290.42 471.85 260.86 462.71
374.23 465.14 350.46 452.27
400.71 462.02 379.16 447.64
372.19 461.58 348.71 448.54
424.29 459.01 404.76 443.47
446.63 457.58 428.23 441.11
849.73 456.07 891.22 415.41
844.34 455.14 885.55 414.45
834.5 450.17 871.83 410.34
805.09 442.78 850.87 400.12
944.28 438.25 1002.3 390.55
870.54 438.34 914.02 395.29
870.1 435.8 912.21 392.81
894.54 434.59 941.99 389.99
918.23 433.63 970.52 387.28
918.23 433.63 970.52 387.28
921.32 432.97 974.73 386.18
1084.78 432.44 1122.26 386.61
780.54 430.55 805.88 393.02
999.64 428.62 1051.77 380.86
878.2 416.96 923.39 371.41
574.67 416.75 570.65 390.46
882.64 416.28 928.57 370.57
473.53 414.69 454.23 396.6
924.87 412.01 978.0 363.37
924.75 409.18 978.42 359.99
206.61 408.43 168.22 399.53
921.84 407.73 975.42 358.55
346.96 404.32 319.61 389.5
955.26 399.28 1010.94 348.43
889.38 397.11 935.4 349.51
889.38 397.11 935.4 349.51
934.18 386.41 989.23 334.52
906.35 382.31 955.53 332.01
933.01 376.74 987.29 324.32
458.87 372.68 439.05 351.29
874.69 370.82 916.8 321.99
631.34 367.4 633.23 334.44
871.69 365.05 913.54 315.77
900.59 361.4 947.71 309.99
899.01 355.31 945.99 303.26
935.55 355.16 990.05 300.49
930.21 354.03 984.04 299.49
932.86 353.15 987.33 298.16
898.96 348.49 945.89 295.62
922.99 344.6 974.88 289.59
924.74 341.08 977.09 285.73
933.32 340.63 986.99 284.52
932.85 335.48 986.27 279.13
803.15 331.81 830.24 285.0
828.58 323.57 859.28 274.63
835.57 322.5 867.24 272.92
725.44 318.94 740.05 276.02
841.74 317.22 872.1 268.04
781.38 311.05 805.02 263.54
806.33 308.92 832.42 260.49
863.44 305.03 902.46 250.76
690.24 304.34 698.98 262.63
672.48 298.61 678.34 258.12
807.42 297.37 835.97 246.65
698.11 286.53 708.49 242.37
398.35 286.43 368.95 264.17
857.24 274.66 894.61 217.81
461.38 265.25 436.95 238.38
856.55 264.84 894.13 206.79
263.89 262.71 223.8 239.27
298.88 262.6 262.45 237.46
577.28 261.06 562.04 229.9
604.34 258.49 596.94 221.09
212.46 253.01 166.92 229.49
625.93 245.1 622.26 204.57
599.82 236.96 590.38 198.96
607.94 235.23 601.87 194.82
635.15 232.71 632.18 190.52
635.15 232.71 632.18 190.52
360.01 226.52 326.28 199.39
911.96 225.56 958.59 159.74
473.6 216.8 448.31 186.79
791.81 212.63 814.82 155.52
690.08 209.78 695.49 160.57
347.03 202.87 311.16 173.61
466.09 193.75 439.53 161.97
435.24 189.46 405.85 158.52
402.9 187.43 372.21 154.43
402.9 187.43 372.21 154.43
470.85 179.04 444.2 145.89
620.02 163.24 612.45 116.39
905.67 153.99 948.94 81.04
712.99 148.43 720.28 91.95
584.96 129.68 571.06 83.01
896.58 126.68 938.49 50.65
