437.97 292.91 336.64 256.91
295.82 282.02 168.89 206.18
853.24 504.94 774.68 531.18
339.08 470.83 188.85 430.07
316.51 436.4 165.24 388.2
437.37 389.84 322.61 358.98
463.55 363.67 358.95 334.4
849.4 342.81 787.55 369.26
803.15 285.99 747.99 305.89
840.82 267.2 789.94 292.67
456.02 563.76 316.81 550.87
817.38 507.45 734.96 530.14
413.24 426.43 289.2 393.18
989.33 331.38 929.15 376.39
745.83 314.98 685.22 325.7
745.83 314.98 685.22 325.7
392.25 290.63 286.28 240.32
591.26 125.91 514.44 133.88
748.17 64.43 719.17 77.99
985.29 651.09 906.91 690.61
342.44 572.58 179.09 546.64
471.71 521.89 340.63 507.01
727.41 482.48 642.19 494.34
894.96 230.69 848.53 265.63
894.96 230.69 848.53 265.63
629.9 183.25 578.13 173.4
1061.21 90.18 990.19 173.65
790.73 35.03 767.27 57.56
543.51 759.37 427.91 788.64
633.51 742.23 535.2 770.85
1063.67 706.43 969.85 750.43
1020.64 681.34 936.32 723.7
420.87 586.84 274.6 571.43
420.87 586.84 274.6 571.43
337.06 571.91 166.98 544.95
310.65 569.01 132.01 538.53
588.56 462.01 490.86 456.44
632.46 448.44 541.94 447.85
256.5 433.82 85.37 375.19
825.91 400.17 757.06 422.78
847.89 393.84 781.46 418.82
297.57 388.39 151.65 328.27
404.79 281.82 302.2 234.16
882.76 263.68 831.48 295.92
575.13 238.6 511.16 218.04
575.13 238.6 511.16 218.04
593.83 203.47 537.25 185.49
593.83 203.47 537.25 185.49
618.62 193.88 563.85 182.38
756.67 150.06 717.64 163.45
701.32 667.73 601.69 687.48
701.32 667.73 601.69 687.48
820.52 648.6 725.23 675.16
820.52 648.6 725.23 675.16
386.61 564.73 232.64 542.53
391.02 557.06 238.73 534.74
407.23 496.04 273.95 467.37
632.83 449.02 542.14 448.42
256.78 432.8 85.37 375.19
970.73 423.98 901.56 463.77
451.96 416.96 335.03 389.85
760.38 408.34 687.84 422.79
319.26 406.53 175.66 353.53
582.96 400.37 493.91 390.2
804.45 397.08 733.76 417.69
359.93 301.99 245.34 244.75
1137.09 284.42 1028.54 361.78
608.35 272.08 541.08 260.73
615.5 260.81 550.53 250.04
615.5 260.81 550.53 250.04
447.3 257.83 357.49 216.38
728.88 245.32 676.6 253.11
621.2 234.16 560.83 223.74
592.87 219.9 531.98 203.52
900.09 215.43 855.13 251.74
900.09 215.43 855.13 251.74
315.6 190.65 209.81 110.18
610.58 109.22 535.15 122.44
568.79 109.27 521.83 84.74
582.28 89.37 512.01 94.4
591.32 76.28 521.83 84.74
909.79 35.76 884.06 82.44
745.49 660.27 649.78 682.05
642.26 656.03 535.27 669.95
746.93 653.01 649.43 674.57
749.46 646.18 651.53 667.12
663.63 625.85 558.04 637.98
385.86 572.73 230.81 551.7
372.05 563.6 214.22 539.69
495.19 562.57 363.61 553.26
730.66 528.15 640.19 541.84
852.38 516.73 768.88 542.87
852.38 516.73 768.88 542.87
325.51 443.49 175.17 398.29
501.62 418.57 390.2 401.07
1007.39 416.85 937.6 461.07
743.89 388.15 673.16 399.9
609.62 386.63 526.11 379.33
609.62 386.63 526.11 379.33
757.87 385.03 688.21 398.36
467.61 374.1 360.07 346.91
334.29 340.35 206.48 281.95
427.45 318.27 324.46 277.9
476.58 307.51 381.63 277.82
607.52 261.46 542.23 249.49
594.69 257.96 527.87 243.98
605.06 249.18 540.95 236.62
721.45 241.96 669.88 247.84
721.45 241.96 669.88 247.84
879.8 227.66 833.51 260.27
497.75 199.15 423.59 167.4
372.2 185.6 280.34 120.01
999.84 171.39 947.25 229.03
564.97 167.76 507.78 145.28
731.59 163.52 690.39 171.66
512.96 158.56 450.76 124.24
573.83 157.28 519.46 135.86
561.56 120.23 512.01 94.4
558.11 52.64 517.26 25.46
639.35 743.43 540.84 771.99
609.29 735.74 502.65 760.17
747.52 666.04 652.22 688.85
897.55 608.69 820.01 640.55
489.34 597.87 360.67 590.94
931.44 589.76 852.25 623.73
348.23 577.85 183.21 552.5
303.57 563.88 123.56 531.51
502.22 561.0 374.54 551.83
346.73 557.19 183.04 529.42
619.84 528.03 516.5 529.82
619.84 528.03 516.5 529.82
332.04 521.41 169.24 487.55
339.91 516.35 180.37 482.92
326.77 505.06 165.74 468.26
746.99 494.94 662.42 509.49
836.63 494.39 757.22 518.69
331.88 481.81 175.97 442.67
745.6 481.1 662.89 494.71
341.95 476.99 190.64 438.33
389.0 461.45 254.05 427.46
296.46 460.66 133.48 412.78
614.55 459.17 520.14 456.54
889.09 439.33 819.24 469.26
298.05 439.02 141.12 388.96
902.91 426.46 835.37 458.01
324.12 420.94 178.16 370.59
313.02 403.82 168.5 349.68
385.88 371.1 265.81 326.85
919.35 359.39 857.16 394.57
919.35 359.39 857.16 394.57
391.25 353.67 275.14 307.88
497.64 319.3 402.34 295.0
426.91 269.12 331.38 224.8
423.61 260.41 328.72 215.04
564.9 258.52 494.9 238.54
896.28 251.6 847.75 285.78
422.14 218.05 334.66 167.43
912.18 212.61 867.01 251.17
912.18 212.61 867.01 251.17
891.92 210.86 848.12 245.84
865.18 200.84 822.49 231.81
428.25 197.87 344.98 148.63
844.02 166.28 806.55 193.99
555.97 123.44 503.91 97.55
565.52 41.0 527.72 14.89
940.96 32.16 914.1 84.79
816.52 17.0 794.87 45.83
541.39 816.42 430.61 866.14
625.25 743.45 525.39 771.88
499.4 741.66 371.22 763.72
609.09 735.7 502.65 760.17
600.56 730.99 493.77 755.02
712.79 721.34 619.09 748.81
712.79 721.34 619.09 748.81
970.37 672.66 894.54 711.94
890.18 668.95 813.23 702.85
786.43 657.92 689.56 682.49
969.41 651.5 892.86 689.85
877.42 642.87 802.29 674.77
672.14 640.13 567.47 654.55
910.51 632.86 829.61 666.34
637.47 627.33 532.34 638.21
925.82 615.56 843.5 649.37
366.18 596.54 203.77 575.97
354.34 594.63 187.59 573.02
380.66 584.57 223.45 563.83
323.11 583.98 147.35 557.18
415.14 583.51 269.04 567.26
641.17 578.86 537.0 586.11
360.81 576.01 196.92 554.13
359.38 568.62 198.41 545.02
313.86 568.6 136.03 538.65
318.94 542.45 148.07 509.18
1016.67 533.14 933.89 574.9
463.51 532.07 330.31 517.0
463.51 532.07 330.31 517.0
469.3 529.24 335.56 514.59
620.03 527.79 516.5 529.82
620.03 527.79 516.5 529.82
342.53 520.71 183.19 488.36
339.87 516.02 180.37 482.92
350.3 505.25 196.91 470.59
412.2 493.52 280.91 465.14
314.15 482.36 152.57 440.63
326.98 481.8 169.66 442.67
744.15 472.33 662.9 485.74
744.15 472.33 662.9 485.74
335.55 471.41 183.07 431.46
330.99 470.37 177.55 428.94
1028.77 467.85 951.09 512.85
731.21 465.69 649.9 477.4
751.08 461.38 670.88 475.28
340.58 451.39 193.42 410.15
346.52 450.83 201.28 409.11
307.84 445.05 150.75 398.21
868.79 442.73 798.07 470.09
272.98 440.79 107.44 386.29
298.8 438.54 141.12 388.96
868.95 433.72 797.66 461.36
457.81 425.51 340.21 401.31
463.94 420.44 348.01 397.12
313.72 416.04 165.49 363.6
319.33 409.74 175.26 357.62
479.34 407.54 368.51 385.48
744.63 400.18 671.86 412.22
573.09 393.68 484.19 381.63
572.5 379.98 485.31 366.69
430.24 378.79 318.16 343.89
315.88 378.22 176.54 319.28
914.46 377.94 850.79 411.93
460.97 371.88 352.96 343.71
902.03 364.81 838.73 397.73
438.18 363.51 329.98 328.91
438.18 363.51 329.98 328.91
621.24 350.19 543.58 343.49
393.91 347.81 280.06 302.24
264.76 328.78 119.33 249.99
437.73 308.82 336.78 271.05
907.4 305.15 851.74 339.59
467.86 300.0 373.51 267.61
504.25 274.31 418.13 248.43
1068.01 271.31 984.27 336.71
691.38 269.19 633.05 271.13
899.21 258.54 848.71 293.42
1094.76 245.5 1004.26 318.74
458.14 243.62 371.96 204.34
1057.77 240.53 978.91 306.7
323.29 239.4 210.11 166.24
407.05 237.38 313.43 185.23
900.83 235.05 853.47 270.77
605.09 221.67 545.69 207.62
325.82 220.35 217.12 146.87
589.84 217.6 528.63 200.92
891.78 211.0 848.12 245.84
346.61 205.64 245.65 135.39
906.08 204.44 861.92 242.31
985.85 202.17 935.32 254.05
365.92 200.86 270.42 135.41
349.06 198.76 249.63 128.81
428.29 197.81 344.98 148.63
323.58 195.65 218.28 118.68
898.21 189.82 856.25 226.51
898.21 189.82 856.25 226.51
621.26 179.08 570.92 166.08
801.78 175.45 761.94 195.91
1064.82 174.38 989.82 248.27
734.61 172.87 692.71 181.28
629.81 170.27 579.88 159.78
410.86 166.86 329.36 110.71
410.86 166.86 329.36 110.71
392.48 166.75 307.42 106.03
392.48 166.75 307.42 106.03
356.16 166.59 264.31 95.06
396.35 161.87 313.24 101.45
510.91 152.47 449.84 117.24
724.7 143.99 685.98 151.03
416.09 125.18 343.07 66.14
571.38 119.71 522.31 97.24
546.08 105.25 496.95 75.79
902.5 105.17 870.06 146.41
743.48 87.45 711.73 99.84
739.04 86.84 707.65 97.97
696.12 68.65 666.02 70.6
582.98 850.43 491.17 915.87
472.06 843.71 341.0 905.88
572.96 785.19 466.7 823.35
641.09 739.89 542.02 767.52
530.05 728.11 408.55 747.38
712.6 725.61 620.25 753.91
906.51 702.76 824.33 738.88
842.75 684.76 753.87 715.44
823.74 678.75 734.27 707.54
823.74 678.75 734.27 707.54
829.85 677.33 741.17 706.31
765.1 669.29 669.95 693.33
705.4 669.65 606.42 689.53
972.56 669.18 896.99 708.85
752.49 669.19 656.73 692.46
880.32 668.57 802.15 701.72
736.49 667.02 639.74 688.68
734.34 663.99 637.8 685.51
730.28 663.14 631.91 684.27
861.03 660.73 768.24 690.89
786.1 657.93 689.56 682.49
738.79 657.79 640.52 678.92
817.25 655.5 722.14 681.82
703.93 654.56 605.78 673.06
973.82 651.42 897.14 690.12
706.0 648.25 609.19 666.7
425.95 631.16 278.42 622.67
412.37 624.25 261.78 613.28
380.23 610.14 219.38 592.86
536.66 607.45 412.81 606.24
416.77 596.7 267.86 581.76
408.5 596.41 258.41 581.08
424.18 593.99 276.97 579.53
906.3 591.39 828.08 623.31
596.01 591.32 486.93 594.77
592.61 588.2 484.9 591.37
369.25 586.31 208.19 564.6
326.73 586.38 152.16 560.82
964.62 586.06 875.89 622.56
387.1 580.59 232.37 560.4
342.98 579.05 175.62 553.79
414.73 576.95 269.25 559.32
990.18 572.75 901.68 611.5
312.16 572.47 135.18 543.15
347.02 571.93 180.81 545.84
989.94 569.31 902.86 608.36
327.34 558.28 156.68 528.17
1014.95 557.21 928.45 598.64
443.07 557.17 303.88 541.94
1028.9 556.74 941.35 599.12
922.45 554.39 836.78 587.54
837.8 553.47 748.45 579.0
998.17 551.77 912.5 591.64
998.17 551.77 912.5 591.64
337.09 550.83 171.12 520.27
957.11 547.93 873.61 584.4
306.44 540.38 131.83 505.36
444.05 539.34 307.24 521.45
401.35 539.64 254.74 517.43
432.18 535.27 291.9 516.45
905.05 534.74 822.47 566.45
905.05 534.74 822.47 566.45
940.05 532.43 858.06 567.41
439.51 531.84 304.0 512.96
1049.45 529.58 960.66 574.73
875.84 525.42 793.85 553.87
437.69 520.93 303.61 499.99
968.07 519.33 887.04 556.79
1006.64 516.27 925.16 557.88
1006.64 516.27 925.16 557.88
1011.04 516.09 929.14 557.86
856.99 513.97 773.95 540.52
331.62 513.67 169.9 478.88
1014.21 513.79 932.39 555.9
327.85 513.37 165.97 477.1
1034.51 508.49 951.96 552.67
1028.5 508.68 946.49 552.2
973.47 505.74 894.65 544.24
1031.18 505.58 949.83 549.65
499.04 505.56 373.33 493.11
1009.36 504.88 929.71 546.78
1016.41 504.02 935.25 546.62
1012.61 501.94 931.91 544.07
1003.05 502.22 923.42 543.45
979.47 502.18 901.12 541.12
931.44 502.07 852.84 536.38
327.0 495.02 167.79 457.12
403.87 493.31 270.6 464.1
938.2 493.01 861.61 528.01
1020.46 492.35 940.24 535.54
978.7 491.39 901.11 530.42
323.25 491.72 162.97 452.95
1022.26 489.04 943.01 532.71
938.8 480.04 862.82 515.1
315.43 478.45 154.76 436.07
433.63 476.98 305.64 451.93
363.03 474.99 217.24 438.79
460.36 474.39 335.21 454.44
338.85 473.9 186.55 434.78
491.02 472.86 370.65 457.27
326.77 470.33 171.9 428.76
478.74 467.28 357.0 449.02
1024.77 464.79 947.53 509.26
1021.14 461.8 944.34 506.12
1021.14 461.8 944.34 506.12
923.75 457.71 850.57 491.58
346.83 457.35 201.53 415.69
1020.22 455.98 945.01 500.43
899.8 455.3 827.84 486.33
819.26 453.25 744.53 475.43
337.06 453.65 188.95 410.24
329.65 453.47 178.8 410.03
1015.21 453.09 940.12 497.22
922.15 451.03 850.86 484.81
462.32 451.1 341.31 429.04
820.55 449.43 747.3 471.42
372.77 448.95 236.11 411.53
459.76 448.22 338.5 425.39
418.08 445.24 291.94 413.93
428.23 441.11 305.19 410.73
428.23 441.11 305.19 410.73
337.47 440.35 191.56 396.59
355.96 434.94 215.83 392.78
924.62 434.53 853.68 468.73
924.62 434.53 853.68 468.73
428.05 433.58 306.15 402.97
383.11 422.99 253.55 383.79
1012.31 422.13 941.3 466.84
477.66 420.42 363.94 398.66
318.79 419.72 171.76 368.13
895.27 417.27 827.73 448.0
346.34 417.68 206.9 373.05
350.12 416.33 211.51 371.55
301.12 414.11 149.98 358.57
583.57 403.81 493.55 393.85
571.25 400.15 481.68 387.93
965.13 399.56 897.43 439.59
319.03 398.27 176.44 343.72
319.03 398.27 176.44 343.72
301.24 398.47 152.96 340.19
336.04 397.52 198.06 346.74
983.66 394.97 915.71 437.23
925.43 394.15 859.11 429.4
1002.3 390.55 933.82 435.13
966.2 388.34 900.27 428.63
522.71 387.61 427.09 367.9
867.55 381.01 800.9 409.13
631.3 378.87 551.15 374.72
574.86 374.64 489.88 360.98
630.58 371.57 551.28 366.94
365.23 371.64 240.24 322.95
903.69 369.92 840.01 402.93
903.69 369.92 840.01 402.93
914.1 369.22 850.88 403.36
975.46 366.34 910.77 408.5
474.89 366.03 369.71 340.01
912.53 364.95 849.54 398.99
479.53 360.83 376.93 334.14
471.86 359.57 368.18 332.03
959.72 358.04 895.35 398.88
470.22 356.1 366.46 328.36
989.8 354.66 926.11 398.84
937.81 351.96 876.38 389.57
439.05 351.29 333.51 315.06
429.12 350.12 321.16 311.4
353.54 348.75 229.43 296.0
491.34 343.87 392.2 319.49
461.05 343.1 361.96 309.64
818.7 341.25 757.64 363.19
920.17 338.77 860.1 374.55
479.04 337.68 377.91 310.97
995.93 332.34 934.35 378.31
746.61 326.82 684.04 338.04
976.73 322.44 916.54 366.36
435.04 318.75 331.46 281.32
425.54 312.93 322.95 271.6
558.38 308.9 479.94 290.32
738.46 303.76 678.52 313.85
945.99 303.26 890.33 343.41
502.84 301.02 411.28 277.08
910.82 296.84 856.2 332.37
945.89 295.62 890.37 336.3
467.56 292.5 373.38 259.32
785.92 285.48 734.21 301.51
774.04 283.98 725.84 296.43
601.38 276.39 532.58 263.92
601.38 276.39 532.58 263.92
796.33 275.57 741.78 294.59
291.03 273.09 162.29 196.8
978.03 272.1 923.59 318.12
975.22 269.89 921.08 315.81
965.76 265.16 913.37 309.22
619.49 265.62 555.3 254.96
939.43 264.55 888.08 304.85
457.5 259.01 368.02 220.81
885.98 257.71 835.95 290.35
1137.21 257.16 1031.54 337.35
272.5 252.31 142.38 167.99
470.55 245.63 385.55 210.12
320.09 241.91 206.17 168.64
320.09 241.91 206.17 168.64
1096.62 241.06 1006.35 315.11
340.94 238.65 232.71 171.24
879.1 236.55 829.26 269.68
557.55 235.39 489.7 213.46
356.28 229.71 253.48 164.87
891.96 223.07 845.96 258.04
880.21 219.42 834.33 252.46
910.77 218.23 864.9 256.07
472.57 218.13 391.23 182.05
575.97 215.19 513.83 195.93
480.62 215.59 401.59 180.35
383.24 215.7 289.34 155.08
722.91 214.43 674.61 220.92
378.93 214.14 283.14 153.89
895.42 213.71 850.34 249.25
882.91 210.4 838.75 243.78
326.5 210.15 219.6 134.3
322.62 207.48 215.29 130.57
894.13 206.79 850.7 242.05
894.13 206.79 850.7 242.05
1028.42 206.21 964.73 267.87
369.67 205.51 273.19 142.42
895.95 202.56 853.18 238.28
388.47 201.15 297.24 141.39
639.16 198.66 586.46 189.92
621.78 197.73 567.29 186.34
604.08 190.21 548.55 175.39
552.64 186.58 491.87 161.64
794.66 180.9 754.59 199.76
397.1 177.89 311.01 119.36
337.05 176.22 239.36 99.03
829.99 173.63 790.73 199.19
365.45 172.1 273.92 103.76
429.67 171.01 351.68 119.24
736.58 168.13 694.99 177.06
637.6 159.24 589.88 149.87
454.84 151.61 383.37 105.97
627.94 148.54 581.84 136.99
597.84 134.26 549.96 117.01
795.51 119.59 762.03 140.42
512.69 119.28 456.23 83.79
769.1 105.11 735.96 121.49
720.28 91.95 688.07 98.42
865.85 68.39 838.84 103.87
716.59 52.3 689.46 58.68
794.01 28.92 771.98 51.9
791.28 25.59 768.35 49.05
591.13 840.73 499.42 901.82
681.07 830.96 609.1 888.52
558.74 805.04 452.2 850.71
599.78 801.44 503.71 845.87
635.72 747.41 536.23 776.25
587.91 744.22 479.63 770.52
663.23 736.24 567.0 764.23
930.43 716.51 849.79 755.21
930.43 716.51 849.79 755.21
618.98 711.79 511.94 732.4
720.35 686.85 623.86 709.38
737.78 682.83 641.45 706.58
737.78 682.83 641.45 706.58
841.54 681.31 751.94 711.72
841.54 681.31 751.94 711.72
833.51 677.31 744.13 706.61
737.61 673.4 642.39 695.69
626.2 667.56 518.7 681.47
768.07 666.31 674.72 690.09
724.43 663.96 626.29 684.6
722.66 658.88 624.29 679.04
719.62 658.45 621.52 678.22
888.63 656.03 812.24 688.97
794.73 655.29 697.45 679.96
736.68 654.58 636.7 674.86
630.33 652.52 521.81 664.85
666.68 652.05 562.12 666.87
713.35 648.44 615.65 667.16
699.38 644.73 602.71 661.83
631.8 634.44 525.9 645.58
568.5 611.27 450.01 613.48
567.3 604.96 449.37 607.08
507.58 602.29 378.4 598.18
414.92 600.03 266.39 585.1
814.55 598.31 721.04 622.52
410.94 598.77 261.88 583.03
537.44 596.56 414.81 594.3
817.13 596.17 724.25 620.4
507.28 592.01 379.76 586.28
818.29 585.36 726.93 609.58
319.02 583.07 142.32 555.47
929.08 580.79 841.41 614.62
380.05 580.77 222.93 560.88
368.0 580.82 206.92 558.39
382.57 580.06 225.71 559.54
925.31 575.75 838.13 609.19
357.29 575.35 194.28 551.36
886.95 573.76 800.02 604.02
882.9 573.77 794.34 603.31
399.45 573.97 247.96 554.22
897.13 570.88 810.24 601.92
890.87 570.99 804.3 601.4
371.06 568.36 214.04 544.65
883.24 566.34 797.04 596.18
351.2 564.67 187.16 537.88
336.47 563.86 168.82 535.41
475.67 561.33 340.76 549.51
327.11 561.32 155.72 531.89
445.94 556.98 307.77 541.78
900.29 553.26 815.6 584.6
444.58 549.58 306.72 532.78
888.98 548.14 805.07 578.17
885.97 546.4 801.77 576.27
937.34 545.99 853.45 580.61
936.99 543.11 853.87 577.58
799.39 541.92 711.88 563.36
804.64 541.55 718.5 563.52
875.66 529.84 794.12 558.46
905.06 529.74 823.54 561.27
332.86 527.01 169.76 493.07
1009.49 519.82 926.41 561.49
1004.04 519.34 921.77 560.41
336.35 519.6 175.81 484.91
850.49 518.4 767.22 544.56
808.35 518.28 725.12 540.17
339.08 514.66 179.48 480.58
916.2 513.88 837.37 546.32
916.2 513.88 837.37 546.32
875.86 512.88 795.81 541.54
807.54 509.83 725.47 531.45
339.08 508.75 180.61 473.9
886.91 507.23 808.42 536.81
885.35 504.64 806.9 534.31
885.35 504.64 806.9 534.31
877.04 500.67 799.27 529.4
588.49 500.66 488.86 496.22
313.7 500.58 148.89 461.24
315.14 498.2 151.25 458.39
872.0 497.13 793.43 525.2
427.83 495.15 296.29 471.13
825.64 492.0 745.31 515.16
406.59 487.76 273.86 458.54
323.54 485.45 164.72 445.8
915.74 483.34 840.07 515.91
393.78 482.33 256.14 451.67
721.99 481.01 637.64 492.02
721.99 481.01 637.64 492.02
699.83 479.5 613.75 487.93
383.71 475.47 244.4 442.62
898.84 475.22 823.58 506.29
456.82 473.06 332.34 451.72
990.66 472.33 914.6 513.14
732.43 472.32 649.41 484.64
340.62 471.94 190.59 432.42
748.07 469.34 667.08 483.17
906.57 469.14 831.86 500.91
343.92 465.62 196.03 425.67
336.52 464.72 185.25 423.46
380.36 463.37 242.64 428.62
900.97 462.93 827.42 494.04
260.86 462.71 85.83 409.23
930.65 461.94 858.18 496.27
853.95 461.89 779.99 487.73
487.25 460.84 368.38 442.88
375.66 460.87 237.25 425.33
732.72 459.44 651.77 471.21
732.72 459.44 651.77 471.21
616.42 459.54 522.24 457.06
414.81 457.94 286.09 427.89
378.15 457.53 242.01 420.92
751.08 455.14 671.39 469.0
758.19 450.81 679.24 465.44
928.92 449.63 856.98 484.0
871.94 445.77 800.77 473.85
502.78 445.62 387.13 429.72
791.49 442.56 716.05 461.16
796.02 441.51 721.22 460.64
420.13 440.98 294.34 409.95
261.04 440.35 90.2 383.54
425.74 439.78 302.02 409.86
329.72 437.84 181.7 392.83
447.44 436.69 328.96 409.7
447.44 436.69 328.96 409.7
327.4 435.93 178.75 389.76
831.74 430.86 760.21 454.05
847.19 428.9 776.6 453.82
440.64 424.62 320.74 395.97
497.03 421.52 384.74 403.47
499.49 419.99 387.51 402.05
783.12 419.46 711.1 436.63
504.25 419.58 393.45 402.6
399.94 419.05 274.67 382.23
873.77 417.12 805.49 445.65
879.12 415.81 810.66 444.89
352.25 412.66 214.19 368.09
871.83 410.34 803.81 438.37
775.09 406.22 702.9 422.4
587.07 404.42 497.83 394.89
411.57 404.65 291.05 368.88
326.59 402.31 184.88 350.32
877.93 401.99 811.49 430.81
502.54 401.55 394.22 383.07
502.54 401.55 394.22 383.07
754.05 400.99 682.17 414.0
850.87 400.12 783.26 425.6
455.59 399.27 343.85 371.05
949.46 398.48 882.87 436.43
600.27 398.02 513.35 390.16
917.13 396.72 851.15 430.46
499.52 396.23 393.53 375.57
454.23 396.6 341.99 368.19
910.16 395.74 844.0 428.69
570.76 395.81 481.46 383.34
329.4 393.49 191.4 341.06
506.03 393.18 402.26 373.36
951.62 392.68 884.78 431.18
340.17 388.81 204.56 337.21
938.67 385.43 873.04 422.53
938.67 385.43 873.04 422.53
631.82 385.28 550.96 381.34
964.86 385.19 898.71 425.45
933.75 383.91 868.66 420.25
592.11 383.49 504.9 374.45
301.51 383.02 156.59 322.59
921.58 379.75 857.35 414.7
571.45 376.59 485.03 363.07
440.36 374.44 327.46 342.6
309.15 373.93 169.31 312.65
928.57 370.57 865.57 406.39
900.29 361.96 837.18 394.5
988.34 360.36 925.1 404.26
468.6 358.78 363.83 331.36
996.35 358.05 931.73 403.3
921.95 353.93 860.8 389.41
924.84 350.95 863.25 387.02
957.98 347.59 895.73 388.23
420.18 345.7 311.39 305.07
987.41 340.65 925.85 385.05
632.77 340.6 559.0 334.78
632.77 340.6 559.0 334.78
933.97 339.75 873.51 377.03
969.62 334.61 909.04 376.98
259.46 334.58 111.98 255.77
919.08 329.53 859.57 365.41
967.79 327.96 907.79 370.28
973.98 325.54 913.87 368.97
916.8 321.99 859.37 357.53
952.75 320.13 893.74 360.81
919.68 318.68 862.19 354.61
916.04 317.75 858.81 353.35
960.36 316.7 901.86 358.43
733.87 316.3 672.0 325.68
939.33 314.44 882.14 353.42
916.37 314.57 859.52 350.24
916.37 314.57 859.52 350.24
991.84 311.3 932.62 357.79
912.42 311.32 855.81 346.62
561.38 310.99 483.06 292.47
911.79 306.47 855.99 341.56
732.34 302.57 672.38 311.44
953.19 291.81 898.06 333.51
922.15 290.25 868.37 327.5
982.89 288.97 927.56 334.6
830.24 285.0 775.34 309.16
554.48 282.3 479.67 261.45
509.48 279.53 422.46 255.02
509.48 279.53 422.46 255.02
971.63 273.23 918.15 318.14
981.42 272.6 926.99 319.1
981.42 272.6 926.99 319.1
906.72 266.23 856.93 301.46
961.96 264.57 909.87 308.49
595.54 264.19 527.98 249.88
368.95 264.17 262.37 205.91
457.69 262.15 367.96 224.82
453.46 252.34 365.48 211.48
453.46 252.34 365.48 211.48
373.69 251.93 270.29 193.92
379.86 251.5 278.18 195.01
333.29 248.16 220.79 179.76
376.6 247.33 274.57 189.66
311.54 247.07 193.22 173.89
381.03 241.89 280.95 185.2
413.33 241.59 320.02 191.84
375.56 240.44 274.39 182.31
913.77 237.95 865.3 275.84
344.73 231.82 237.92 164.38
427.26 231.39 338.09 184.62
407.83 230.44 314.7 178.6
466.12 229.41 382.87 191.34
360.07 229.03 257.77 165.71
959.27 228.44 911.72 273.34
399.82 227.63 306.3 173.71
399.82 227.63 306.3 173.71
359.3 226.33 257.2 162.21
370.9 226.07 270.73 165.23
426.58 224.56 338.49 176.76
878.21 223.46 832.16 256.04
899.08 222.58 853.63 258.2
596.94 221.09 535.86 206.4
919.23 217.72 872.71 257.11
645.6 217.88 590.73 211.34
572.9 218.1 510.08 198.05
320.83 215.89 211.61 138.6
386.94 214.04 293.94 154.26
898.7 204.4 856.01 240.3
620.63 201.69 565.71 189.95
540.3 201.95 475.2 175.04
915.43 200.13 872.29 239.18
627.28 198.71 572.91 188.44
630.73 195.21 576.91 185.45
601.87 194.82 545.25 180.0
925.56 194.11 881.65 235.69
806.85 189.73 764.78 210.95
359.46 189.48 263.96 121.38
538.47 184.97 475.85 157.3
434.02 184.53 353.72 136.03
428.42 182.52 347.72 131.85
802.98 171.78 763.81 192.75
384.45 169.93 298.07 106.23
811.58 169.49 772.69 191.83
440.07 167.31 363.67 118.58
512.38 166.2 448.72 132.3
574.22 163.88 519.02 142.6
571.49 163.27 515.87 141.93
514.1 162.68 451.09 128.99
439.53 161.97 364.04 112.06
358.35 161.35 268.0 90.0
593.87 133.89 515.87 141.93
775.51 132.81 738.38 150.82
789.97 132.77 754.57 152.3
782.99 129.95 746.78 148.66
578.15 100.33 532.04 79.46
583.38 96.67 511.55 101.96
583.38 96.67 511.55 101.96
514.87 49.49 468.98 12.22
566.41 47.99 528.08 21.77
742.04 15.69 720.46 28.28
588.17 12.1 528.08 21.77
585.11 12.08 524.96 20.82
